[-0.00832942  0.02780292]
[ 0.16679095  0.01397627]
[ 0.20354904 -0.28307309]
[-0.05330214  0.24642029]
[ 0.16745704 -0.03033509]
[-0.13209178 -0.05410315]
[-0.0219956  0.0362166]
[-0.06874388 -0.44757066]
[-0.20406601 -0.10098028]
[ 0.04698101 -0.12634526]
[-0.09948335 -0.03481981]
[ 0.09207435 -0.0004545 ]
[-0.04973762  0.00794128]
[ 0.37388346 -0.17385633]
[ 0.13781769 -0.2819007 ]
[ 0.14302582 -0.06706235]
[ 0.24682961  0.01539868]
[-0.0366732   0.01541014]
[-0.03970769 -0.28636968]
[ 0.32792953 -0.29423145]
[-0.03425292 -0.08751957]
[ 0.2764083  -0.07465351]
[  5.84908076e-05   1.54555378e-01]
[ 0.344673   -0.02486868]
[ 0.20175014  0.10102081]
[-0.0292322   0.05154514]
[ 0.18463072 -0.23338625]
[ 0.29784477 -0.2658756 ]
[-0.0740721  -0.18559201]
[-0.00535966 -0.0061141 ]
[ 0.05737212 -0.01309745]
[-0.04446358  0.00916948]
[ 0.32031067  0.03956239]
[-0.03201779  0.01189656]
[ 0.2210322  -0.01607456]
[-0.11718599 -0.15082247]
[-0.06479396  0.06196293]
[-0.19225003  0.40156642]
[ 0.24008471 -0.09382008]
[-0.0909121   0.20066977]
[ 0.14746419  0.03778913]
[ 0.18481389 -0.44332239]
[ 0.32766837 -0.1627271 ]
[-0.22801716  0.13645832]
[-0.00524872  0.098375  ]
[-0.07548249 -0.48996977]
[ 0.45554052 -0.09819347]
[ 0.31313647 -0.23129966]
[ 0.16762334 -0.28340296]
[-0.25236164 -0.20889066]
[ 0.01819236  0.17869571]
[-0.1247983   0.39521635]
[ 0.05342234  0.13582228]
[-0.02418372 -0.21604361]
[-0.16439095 -0.42466893]
[ 0.00817077  0.00164654]
[-0.04168402  0.19979695]
[-0.08644424 -0.109411  ]
[ 0.01334123  0.20459911]
[ 0.00851195 -0.12101066]
[ 0.28173248  0.0948877 ]
[-0.07051951 -0.23317076]
[ 0.1261853  -0.15470858]
[ 0.3359014  -0.18136479]
[-0.1591899  -0.06622691]
[-0.00739657  0.29472552]
[ 0.2962685   0.34674552]
[ 0.43278467 -0.05908512]
[-0.44758853 -0.08587074]
[-0.41619543  0.08088436]
[-0.06872919  0.26406373]
[-0.00648138 -0.00598778]
[ 0.09444123 -0.0202874 ]
[ 0.09034059 -0.00335681]
[ 0.05159155  0.10350026]
[ 0.13577004 -0.08926987]
[ 0.03643462 -0.06289049]
[ 0.01848752 -0.00774223]
[ 0.29106698  0.14894531]
[ 0.07319334 -0.06400495]
[-0.31588181 -0.18539595]
[ 0.0457279   0.12132621]
[-0.33333303  0.27064728]
[-0.10041184  0.14496303]
[ 0.32762497 -0.26227414]
[ 0.03001183 -0.03283854]
[ 0.08989033 -0.28453649]
[ 0.12101418 -0.22838058]
[ 0.06000616  0.02180715]
[-0.16061963  0.06483613]
[ 0.26950627  0.18199975]
[ 0.18141359  0.02452599]
[-0.03973738  0.01563437]
[ 0.28959259 -0.17658004]
[-0.06055872  0.34204825]
[ 0.33174112 -0.10310072]
[-0.33672478 -0.12987676]
[-0.03373243 -0.42117826]
[ 0.01047883 -0.01362234]
[-0.01031985  0.49506524]
[-0.21195754 -0.04984212]
[-0.00589941  0.00244361]
[ 0.01224601 -0.02899497]
[-0.21923468  0.06117365]
[-0.15035134 -0.12575162]
[-0.18557112  0.13531276]
[-0.12368541  0.18058264]
[-0.2672447   0.09186841]
[-0.06389582 -0.089147  ]
[ 0.0169049  -0.00968113]
[-0.16123778  0.20845437]
[ 0.07541033 -0.04129636]
[-0.04440596 -0.15748282]
[ 0.02009904  0.05452347]
[-0.20628587 -0.41601259]
[ 0.00813904 -0.09316891]
[-0.19212027  0.17015845]
[ 0.21145114 -0.04126954]
[ 0.11743383 -0.04043027]
[-0.23002071 -0.10066355]
[-0.02639494  0.12804269]
[ 0.01287748  0.00201167]
[-0.09344844  0.3063271 ]
[-0.24716736  0.42765592]
[ 0.09368008  0.13922827]
[ 0.02587834  0.03702705]
[ 0.30085685  0.28468455]
[-0.21278487  0.31731464]
[ 0.38386209  0.30853451]
[-0.01001724 -0.01555823]
[-0.12826273  0.22522285]
[ 0.22321093 -0.01140874]
[-0.09747735 -0.09212514]
[-0.21962778  0.28282502]
[-0.3177352  -0.38087914]
[ 0.35584339  0.11107272]
[ 0.49382586 -0.02832982]
[-0.08601856 -0.18904311]
[ 0.03394096  0.14816711]
[-0.04685089 -0.06146795]
[-0.32394693  0.17011049]
[-0.00237497  0.00960605]
[-0.40205207 -0.0331711 ]
[-0.24154274  0.2321369 ]
[-0.05143839  0.08982623]
[-0.23190406  0.19511317]
[-0.13429965  0.03328393]
[ 0.30090878 -0.02075102]
[ 0.13487493 -0.13231789]
[ 0.06801657 -0.47055063]
[ 1.10385373 -1.02967111]
[ 1.35611535 -0.98804993]
[ 1.15795357  1.30252166]
[ 1.06594069 -1.20470328]
[-1.22524678 -0.90178509]
[-1.06164608  1.28817368]
[ 1.39834484  1.00231941]
[-1.02423433  1.23462609]
[-1.51781875 -0.72364073]
[ 0.10757391  1.68147688]
[-1.50573181 -0.66466197]
[-0.4874975   1.55182081]
[-0.95784344 -1.32059046]
[ 1.62073303 -0.32406105]
[-1.53259358  0.57457664]
[ 1.40912766 -0.61332058]
[-1.21503845 -0.95535937]
[-0.85607265 -1.32338455]
[-1.30091528  1.0812214 ]
[ 0.60447316  1.51448233]
[-0.03026281 -1.6876787 ]
[-1.60473293 -0.52905515]
[ 0.20123378  1.57041759]
[-0.74704825  1.5147842 ]
[ 1.29557536 -0.99469606]
[-0.82263594 -1.30541268]
[ 0.24492518 -1.71882967]
[ 1.66498825  0.04718788]
[ 0.52845081  1.65440508]
[-1.55340618  0.68323384]
[ 1.35674822 -1.02547629]
[ 1.14873855 -1.25790604]
[-1.40647439 -0.8206161 ]
[-0.6852371   1.36961945]
[ 0.9182517   1.20506626]
[-1.10417597  1.28866517]
[-1.18348677 -1.07233677]
[-0.12133378  1.52465098]
[ 0.28624525  1.54598554]
[-1.1838213  -1.00014774]
[-1.22620031  1.12955119]
[ 1.24703229  0.92392981]
[-1.38697943 -0.75428763]
[-0.37619646  1.54101085]
[-0.87010409  1.30915499]
[-1.38020954 -0.93789869]
[-1.51107741  0.4388117 ]
[-0.24598206 -1.66513379]
[ 1.61730399 -0.1650015 ]
[-1.54118027  0.45819607]
[ 0.90027314 -1.3006759 ]
[ 1.49533804 -0.6196338 ]
[-0.52861302 -1.45872882]
[-1.47664377 -0.68368913]
[ 1.33652952  0.73608649]
[ 1.71852669 -0.30578526]
[ 0.28364167 -1.6499205 ]
[-1.08841024 -1.24544755]
[ 0.10537052  1.69194306]
[ 1.04179069  1.13639871]
[-0.25616498 -1.63944017]
[ 1.45663367  0.39728063]
[-0.23114774  1.49969633]
[-1.68873306 -0.1973863 ]
[-1.17344553  1.17031253]
[-1.29316783  0.76252864]
[ 1.25161881 -0.91208054]
[-1.50527183  0.80146839]
[-0.64067145  1.55955754]
[ 0.21361011 -1.58087043]
[-1.00159144  1.39434409]
[ 1.17684038  1.11980077]
[-1.56032503 -0.26524772]
[ 1.14737441 -1.12506946]
[-1.55500378 -0.57018043]
[ 1.5243706   0.08173519]
[-0.53956554 -1.43945725]
[ 0.75345602 -1.39730473]
[ 1.39413161 -0.86268021]
[ 1.50489052 -0.8144842 ]
[ 0.46556021 -1.64438805]
[-0.27162671 -1.48950836]
[-0.02809326  1.51430709]
[ 1.59823228  0.47741146]
[-1.55443618  0.62373226]
[-0.85166486  1.30158924]
[ 0.96281545 -1.45237879]
[-0.85610332  1.5188891 ]
[-0.94945439 -1.3659098 ]
[ 0.90523905  1.29301172]
[-1.43965162 -0.64324984]
[ 0.62280033  1.62369738]
[ 1.30014426 -0.86173637]
[-1.71147026  0.23047458]
[ 1.41420306 -0.6067243 ]
[ 1.60648133  0.4203917 ]
[ 0.84567108  1.2883541 ]
[ 0.23954068  1.69107619]
[ 0.8060643   1.35457846]
[ 0.14496629 -1.50870428]
[ 1.39265425  0.93374582]
[ 0.52987947  1.53486983]
[-0.95821421 -1.21923751]
[-0.35796993 -1.55774912]
[-0.27704181 -1.59345952]
[ 0.85367875 -1.2784282 ]
[ 0.01134197  1.66354234]
[-0.89341719  1.39943935]
[ 1.34163557  0.84847281]
[ 0.93490605  1.24059052]
[-1.46081005  0.46624073]
[-0.49902242  1.54198764]
[-0.77240944 -1.37375272]
[-0.9316698  -1.37525642]
[ 1.22340243 -0.92690419]
[-1.5509268  -0.09214877]
[ 0.65809335 -1.54852613]
[-1.38422712  0.87392124]
[-1.53400673 -0.77358033]
[ 0.17848506  1.60190968]
[ 0.00476626  1.60305789]
[-1.50857394 -0.08729083]
[ 0.95221152  1.22351914]
[-1.18041586  1.19753113]
[ 1.49877923 -0.40697305]
[-1.5892528  -0.41769143]
[-1.12798402  1.05974813]
[-0.92669801 -1.26312339]
[ 1.26602997  0.95532624]
[-0.17654657  1.69836335]
[-0.5274266  -1.48743287]
[ 0.03097976 -1.74681751]
[ 1.24167446 -1.19839537]
[-1.43066885  0.55318182]
[-1.48564944 -0.85091403]
[-0.37672301 -1.55295325]
[ 1.33933668 -0.92592929]
[ 0.04610874  1.74804429]
[ 1.627459   -0.09141338]
[ 1.45707968  0.56734865]
[-1.44512973 -0.591834  ]
[ 1.37647519  0.63645491]
[-0.3130971   1.64384553]
[ 0.09695661 -1.54086675]
[ 1.0991698  -1.31665997]
[ 0.26061456  1.48651076]
[-0.38981361  1.68339783]
[ 0.88421758 -1.27447665]
[-1.16269917  1.14392806]
[-1.51900575 -0.18052621]
