[-0.03025353 -0.38882473]
[-0.1513814   0.01347895]
[ 0.0183834  -0.12123461]
[ 0.21930005 -0.20405916]
[-0.00422649 -0.00251898]
[ 0.34592916  0.01724804]
[ 0.11476805 -0.09777152]
[-0.10735804  0.4139904 ]
[ 0.21427299  0.06180014]
[ 0.00329379 -0.15026304]
[ 0.15386593 -0.42161645]
[-0.06167224 -0.00859151]
[-0.14831392 -0.40015333]
[-0.26223718 -0.21328757]
[-0.23925261  0.16907269]
[-0.02061926 -0.39280297]
[ 0.18125938 -0.06579099]
[-0.34831494 -0.14908456]
[ 0.06221396  0.0101702 ]
[-0.33359468  0.15529384]
[ 0.08904706  0.04884345]
[-0.1344838  -0.03328255]
[ 0.2951829   0.36979695]
[-0.00346735 -0.01000557]
[-0.13773289 -0.28692937]
[ 0.41376899 -0.14124568]
[-0.05469358 -0.0342585 ]
[ 0.03518979 -0.00794631]
[ 0.04195905  0.20692952]
[-0.23762335 -0.13120937]
[ 0.15597816 -0.17201235]
[ 0.14231685  0.28758207]
[-0.29941981 -0.20505554]
[-0.23016414 -0.10787808]
[ 0.15253708  0.0214728 ]
[-0.02334625 -0.2883568 ]
[-0.02953273 -0.01533863]
[ 0.05936198 -0.18999271]
[-0.03476782 -0.25268033]
[-0.47214251  0.03215089]
[-0.11452794  0.08575283]
[ 0.14507236  0.03372191]
[ 0.01219974  0.28193525]
[ 0.01878332 -0.2239005 ]
[-0.15353926  0.00542912]
[-0.09156861 -0.07734277]
[-0.30197293 -0.26533618]
[-0.34284019  0.33037059]
[ 0.21586084  0.0618211 ]
[-0.28593547 -0.07655697]
[ 0.06797141 -0.04385876]
[ 0.48473786  0.03038998]
[ 0.49374573  0.04883739]
[ 0.12307254  0.43703188]
[ 0.22534876  0.2070914 ]
[ 0.28876965  0.07861759]
[ 0.03579856 -0.18674688]
[-0.28951264 -0.25089418]
[-0.26922029  0.03703448]
[-0.11391925 -0.21035318]
[-0.20065355 -0.29799483]
[-0.19400382  0.27330377]
[ 0.18155782 -0.0348189 ]
[-0.43768456 -0.18619381]
[ 0.15651766  0.29735858]
[ 0.39113997 -0.27464683]
[-0.15688355 -0.21350609]
[-0.01142721 -0.01668322]
[ 0.30891504 -0.03411389]
[-0.00713653  0.42993203]
[-0.30668336  0.22630974]
[ 0.19119421 -0.20284782]
[-0.17872939 -0.07297177]
[-0.01378986 -0.02031876]
[-0.15583802  0.14435655]
[ 0.11906678 -0.09929023]
[-0.18103061 -0.22182559]
[ 0.15456522 -0.33263181]
[-0.36531727 -0.0593006 ]
[ 0.17727932  0.03458296]
[ 0.04846748 -0.36257379]
[ 0.13501187  0.14787153]
[ 0.02908425  0.0022002 ]
[ 0.33398949  0.19024325]
[ 0.24152443 -0.12762389]
[ 0.2178398   0.10534425]
[ 0.15615399 -0.22677045]
[-0.08407546 -0.07767948]
[-0.04133494 -0.01352897]
[-0.42219096 -0.19081498]
[ 0.26355076  0.12349342]
[-0.37262637  0.01259877]
[-0.05351964 -0.18327025]
[-0.02922259  0.17569911]
[ 0.084531  -0.1586693]
[ 0.05662557 -0.02121606]
[-0.16543    -0.37559947]
[ 0.28566719 -0.33186904]
[-0.12410974  0.29342202]
[ 0.00054742  0.02601789]
[-0.34762121  0.13201161]
[ 0.23796946  0.10334765]
[ 0.05896661  0.18171203]
[ 0.01830974 -0.00337745]
[-0.01783624 -0.00026182]
[ 0.13894872 -0.33337966]
[ 0.17504645  0.17085288]
[-0.30683713 -0.07317325]
[-0.08847737  0.13446963]
[ 0.26748824 -0.01913128]
[ 0.01098464  0.01366559]
[-0.29021238 -0.2488861 ]
[-0.42621756  0.2247474 ]
[ 0.00390974  0.12641959]
[ 0.00871521 -0.07886953]
[ 0.2752007 -0.153372 ]
[-0.09125135 -0.15255816]
[ 0.42730934 -0.07449265]
[ 0.03936383 -0.19453016]
[ 0.05533653 -0.13291463]
[ 0.13042726 -0.1370248 ]
[ 0.05815646 -0.26742534]
[-0.08220596  0.28205614]
[-0.45527763  0.03874964]
[-0.00400633 -0.00519584]
[-0.29171367 -0.3988876 ]
[-0.41178471  0.25021557]
[-0.08455834 -0.0514967 ]
[ 0.29334635  0.09688838]
[-0.23344366  0.28509729]
[-0.43964532  0.05028321]
[ 0.05559996  0.46897803]
[-0.08570382  0.14953854]
[ 0.11869249  0.29339537]
[-0.25472302  0.35376474]
[ 0.07390082  0.18785641]
[ 0.02064455 -0.00633646]
[-0.24041594  0.21038989]
[ 0.16861651  0.17662326]
[ 0.13781913 -0.2915558 ]
[-0.05293834 -0.00957535]
[-0.00594552  0.04379294]
[-0.05557989  0.03700153]
[-0.02602267  0.0057266 ]
[ 0.05293432 -0.19724957]
[-0.18725993 -0.07013821]
[  1.90308789e-04   2.56405209e-01]
[-0.14260521 -0.1705131 ]
[ 0.19177389 -0.03599342]
[ 0.3244368   0.23080987]
[ 1.01058843  1.17791577]
[-0.4998609   1.45131231]
[-1.67124226 -0.46184166]
[ 1.17875557  0.95852654]
[-0.39109346  1.67983596]
[ 1.73980476 -0.00418784]
[-1.57602719 -0.5304215 ]
[ 0.83497069  1.30384625]
[ 1.16114841  1.2510863 ]
[ 0.59186785  1.58362326]
[-1.22903704 -1.01342094]
[ 0.28982834  1.5762903 ]
[ 0.54086887 -1.57375433]
[ 1.10315777  1.13320925]
[-1.73022352  0.08869297]
[-1.42406727  0.63378323]
[-0.91070536 -1.21619233]
[-1.58935632  0.44665536]
[-1.60884083  0.54954934]
[ 1.59730413 -0.62904741]
[ 1.35290301  0.94830905]
[-1.32356784  1.09538988]
[-0.44699569  1.47316252]
[-1.01378561 -1.17259001]
[-1.33260867  1.07825462]
[-0.26565361 -1.6671909 ]
[ 1.32996828 -0.70855453]
[-0.63803115 -1.44431356]
[ 0.7021678   1.39050279]
[ 0.88945289  1.43674984]
[-0.12432106  1.66924659]
[-1.48137313  0.8387831 ]
[ 1.31122582 -0.83299389]
[ 0.91347109  1.27742614]
[-0.73627892 -1.52846809]
[ 1.07658435 -1.26068755]
[ 0.41826383 -1.58290362]
[-0.36728027  1.48313723]
[ 0.82273341 -1.33796442]
[-0.74536403  1.41255798]
[-0.74726959 -1.34469344]
[-1.56088628 -0.32584924]
[ 1.5026785  -0.03040735]
[-1.41527952  0.75631977]
[-0.54500119 -1.43115474]
[-1.2622279  -0.95683189]
[-1.22312926 -1.09944079]
[-1.48288823 -0.29017871]
[ 1.07807263  1.32073528]
[ 1.56318351 -0.78044254]
[-0.9394553   1.33658356]
[ 1.34077539  1.03213624]
[ 1.50205781 -0.49710435]
[-0.72870035 -1.47255049]
[-1.51139167  0.14724194]
[ 1.14324945  1.3177499 ]
[-1.06508846  1.08657768]
[-1.68231563 -0.21895162]
[ 0.80241524  1.273141  ]
[-1.37382507  0.9747582 ]
[-1.54213894 -0.79606337]
[ 1.15349173  1.17708073]
[ 1.59933724 -0.06040518]
[-1.57870557  0.13473674]
[ 1.40584313  0.58141579]
[ 0.34313326  1.51471287]
[-0.18685424  1.56999406]
[-1.45718935 -0.86555744]
[-0.76069709 -1.56694572]
[ 1.58063851  0.03656489]
[ 1.54226719  0.24682535]
[-0.9593157  -1.43592983]
[-1.34645275  1.07145568]
[-0.63465239  1.6058615 ]
[ 0.72202699 -1.32137914]
[ 1.46626245 -0.75860342]
[ 1.74249207 -0.01908922]
[ 0.84945203 -1.48959512]
[-0.38966446 -1.51786091]
[ 0.59883548  1.45189104]
[-1.49913112  0.84795035]
[-0.12006026  1.53102474]
[ 1.35746301 -0.95830728]
[-1.50028044  0.01040143]
[-1.55607933 -0.28796027]
[-0.68228852 -1.53397244]
[-1.61534735 -0.45857321]
[ 1.19717832  0.91977934]
[ 1.57230612 -0.03266891]
[ 1.60138698 -0.68300089]
[ 0.58941647 -1.47942477]
[ 1.53889007  0.18032708]
[-1.62355698  0.02427175]
[ 0.99048587  1.21919937]
[ 0.78095744  1.34478476]
[-0.67969414  1.35530004]
[ 1.52881225  0.0720669 ]
[ 1.11819094  1.19494245]
[-1.14972036  1.07138775]
[-1.44299024 -0.90879561]
[-1.70167567 -0.00580819]
[-1.11758959 -1.08670886]
[ 1.34359528 -1.12024861]
[-1.44195062 -0.72956828]
[ 0.5499996  -1.55713338]
[ 1.58329967  0.16723357]
[-1.49824937 -0.22486896]
[ 1.66277922  0.31918552]
[-1.03159136 -1.3579627 ]
[-1.65322663  0.17608699]
[-1.49462853 -0.26573389]
[ 0.89979418 -1.2713815 ]
[-1.30644855 -0.95427373]
[ 0.29059801 -1.67550277]
[-1.60179057  0.57564121]
[ 1.32528019  1.14209182]
[ 1.51381997  0.26556458]
[-1.43028174 -0.80801532]
[-0.59630388  1.63838917]
[-1.19728892  1.05874951]
[ 1.36696933  1.05120588]
[ 0.9034456  -1.25778544]
[ 1.50945336  0.77964101]
[-1.06644692 -1.28829796]
[-1.70731462  0.23113454]
[ 0.83039276  1.33785642]
[-1.21559705  1.02718282]
[ 1.26902143 -1.16844791]
[-0.06657038  1.58221852]
[ 0.61988156 -1.45006507]
[-1.41101813 -0.95620918]
[-0.60128307 -1.56718582]
[-1.37393669  0.66472038]
[ 1.64276686  0.23485497]
[ 1.51065816 -0.19493785]
[ 0.33704163 -1.67100216]
[ 1.5917904  -0.35157573]
[ 1.50970173  0.87963865]
[ 1.42009653 -1.00432422]
[ 1.6624499  -0.19118944]
[-1.22927884  0.97461668]
[-1.46889985 -0.4761676 ]
[ 1.31451216  0.88413199]
[-1.32433438  1.12168799]
[ 0.8346335  -1.50969128]
[-1.09409292 -1.15489666]
[ 0.00366508 -1.68225782]
[ 1.25940299  0.90849624]
[ 1.30883322 -0.92062245]
[ 1.65409806  0.2413489 ]
