[ 2.51794827  0.6524848 ]
[-2.68509582 -0.75331142]
[-0.80835061 -1.39516454]
[-1.14206562  1.7063779 ]
[ 0.14034641 -0.60492038]
[ 2.47841625  2.80411827]
[ 5.14922053  0.09005149]
[-1.66369512  2.80791823]
[ 0.9354628  -2.30191912]
[ 1.11241184 -0.77049825]
[ 2.66946994  0.583202  ]
[ 1.82179994 -0.38734013]
[-0.95885581  2.17265443]
[-0.61676378 -1.63445437]
[-1.93612038  1.31460321]
[ 1.32136801  2.12559636]
[-1.44502283 -0.99166592]
[-2.68630833 -0.54705654]
[ 0.12963936 -0.06327432]
[ 0.02087146  3.69634804]
[ 6.46982043  2.11261846]
[ 1.17744974  0.94661631]
[ 2.08799746  0.30050739]
[-2.46961269  1.05971607]
[ 0.33194621  1.29316983]
[ 2.02588685  2.78445201]
[ 3.99869534  1.64251388]
[-0.74980306 -2.29949878]
[ 0.19099779  0.30251647]
[ 0.3970101  -2.88706484]
[-0.80847571  1.54892563]
[ 3.90093437  1.95103278]
[ 0.49418858  0.03766139]
[-0.51767309 -0.72406818]
[-0.32701118 -0.30351463]
[ 2.88109731  1.19799269]
[ 0.64699004  0.57802441]
[ 1.44144742  5.41940517]
[-1.39954208  0.84898713]
[-0.03645349  3.66511347]
[ 6.16944551  0.75835533]
[ 0.19317332  0.33966888]
[-3.44843479 -0.96010833]
[ 3.27021545 -1.84649511]
[ 2.35001828  3.08449836]
[-0.35060425  1.48735967]
[ 1.13245199 -0.11208879]
[ 0.07550864 -3.52485777]
[ 1.87589371 -1.47812326]
[ 0.56666102  2.70073528]
[ 1.27275516  2.75476848]
[ 3.45898665 -1.75229506]
[ 3.41061883  1.55659596]
[ 0.61649334  2.85971387]
[ 1.70687736 -0.97942526]
[ 0.56697135 -0.52604575]
[ 3.41889522 -1.48562321]
[-1.39128146 -0.95657578]
[-0.24329407  2.01346763]
[ 1.21463534  2.60546739]
[ 1.56611846  1.43675297]
[ 0.74131788  4.03577527]
[-0.42917079  2.39331008]
[ 1.77606494  3.16904883]
[ 0.77839787  2.78061314]
[ 2.52029974  2.20550059]
[-2.01506354 -0.67321387]
[ 5.06569997  0.51020605]
[-1.77561997  1.12609415]
[-0.9504621  -1.55276912]
[ 4.17512325 -1.00832231]
[ 3.09835462 -0.02832968]
[-0.03500249  2.86451451]
[ 2.78271193  1.6542792 ]
[ 2.968813    2.41020417]
[ 1.53172824  0.73441236]
[ 0.24452504  0.60853159]
[-0.61956246  0.72724369]
[-0.57823847  3.16880429]
[ 2.87982588  1.43862924]
[-1.18111034 -1.43246412]
[ 6.62634316  0.58609516]
[ 4.02553848  2.3723148 ]
[ 2.80403961 -1.3940607 ]
[-1.69225111  2.20879731]
[ 0.92867265  3.64637257]
[ 0.38153191  2.82463916]
[-2.15177456  0.18518201]
[ 1.53208183  4.45704962]
[ 0.19876677 -0.04664069]
[ 1.94315119  1.24805551]
[ 3.6624623   4.99735741]
[-0.70177389  3.96075069]
[ 4.95566706  2.55455262]
[-0.78510158 -0.5892692 ]
[-3.49544474  2.78286918]
[ 2.25207551  0.25450951]
[ 5.9667159   1.56183755]
[-0.9524346   2.69983864]
[ 1.24892051  1.86725079]
[ 3.09611619 -3.5220194 ]
[-1.07453765  0.76327578]
[-1.17127913  2.84708634]
[ 0.89824347 -2.44360254]
[ 0.71494288 -0.63837979]
[-5.70879305 -1.90005475]
[-2.54423743 -0.41270129]
[-1.14001772  2.38583588]
[ 0.57613071 -2.14538116]
[-3.30111185  1.54839233]
[ 2.33266583  2.4054995 ]
[ 2.33537625  2.04100053]
[ 1.24292038  1.33633476]
[ 0.63971946  4.50764363]
[ 0.66845259  1.79582449]
[ 2.42848591  1.61073224]
[ 3.19383605 -0.88546765]
[ 1.13025318 -0.06252843]
[-0.48620642 -1.9111244 ]
[ 1.26285114  0.57709777]
[ 1.75116566  1.2337265 ]
[-0.71060878  0.98029707]
[-0.74177451  0.25132777]
[-1.17791857  1.34575203]
[-0.28680904 -0.22649716]
[ 1.65866858  0.68379661]
[-0.36181887  1.91239198]
[-0.73341078  1.96851759]
[ 4.0231258 -1.1548244]
[-1.10501204  2.61426218]
[-0.1072472   2.83704295]
[ 0.19304302  2.74479635]
[-0.818197    3.05699283]
[ 1.73145605  1.68433902]
[-1.0635592   0.54155346]
[ 0.26067135  1.84321213]
[ 2.03140345  3.16552803]
[ 4.08872706  0.31869426]
[ 0.0152314   0.16410781]
[ 0.15455195  0.95416502]
[-2.38573005  1.09470752]
[-3.70400046  1.78390043]
[ 0.00783849 -0.67225261]
[-3.50366228 -0.81516531]
[ 4.19652626  1.66440961]
[ 2.69657406 -0.16863206]
[-1.02735373 -0.27070378]
[ 0.94494475 -0.12419596]
[-0.42772388  4.70232171]
[ 0.12815847  1.3612597 ]
[-0.24726681  1.36841548]
[ 1.50060196  3.74225958]
[ 0.51385247  1.09950774]
[ 2.550809    1.55087246]
[-4.05411012 -1.45556045]
[-0.06912142  3.28639538]
[ 0.87383785  2.8440647 ]
[ 2.66484015 -0.64345591]
[-0.36829642  1.51455348]
[ 1.80495023 -1.94075028]
[ 1.65018955  2.84089566]
[ 0.15054594  1.15176124]
[-0.46552052  2.41730823]
[ 1.15548652 -1.08866252]
[-1.19798512 -0.05558931]
[-0.31078842  0.75388287]
[-1.02437033  3.19866665]
[-0.91457795 -0.85111402]
[-0.09277143  4.04535895]
[ 3.04256568  2.98013307]
[ 0.5771533  -1.11420142]
[-0.5842094   3.05086265]
[ 0.5264724   1.38214863]
[-0.00162999 -1.09908869]
[ 1.09178537 -0.30963146]
[ 2.93607922  1.40527453]
[ 0.62464331 -1.9251592 ]
[-0.43761156 -0.87140104]
[ 0.3390297  -0.44892975]
[-0.94449191 -1.01189207]
[ 3.22564359  0.6114033 ]
[-1.11927704  4.08464197]
[-0.54133298 -2.22012196]
[ 0.96949988 -1.61817118]
[-0.21068001  1.20218662]
[-0.95623311 -0.37997694]
[-1.80103605  0.06208135]
[ 0.12327495  2.87908261]
[ 0.87055113  2.7054898 ]
[ 2.8757912  -0.13367749]
[ 1.71793193 -2.026201  ]
[ 0.75765793  1.2040341 ]
[-0.72362005  0.00642479]
[ 4.08106799 -1.96875843]
[ 2.75640893  0.95771376]
[ 3.19047602 -1.48857632]
[ 6.09720593  2.72271117]
[ 4.56427067  3.6342946 ]
[ 0.84842344 -0.71404427]
[ 1.4686219   1.25003823]
[-1.62204862  1.54748862]
[-0.12137083 -0.3984229 ]
[ 0.28239671 -1.32478627]
[ 1.61611502 -1.85608484]
[-0.84601017 -1.00745301]
[ 1.14801182  0.91614372]
[-0.02377608  4.00249428]
[ 4.10440974  0.4287305 ]
[ 2.81635377  2.16785255]
[ 1.0269621  -2.14194888]
[ 2.71767657  0.08647662]
[-1.58031123  2.50568857]
[-0.02804315  5.2550578 ]
[ 0.68318756 -1.16502617]
[ 2.66326854  0.58419199]
[ 3.8525711   2.57487309]
[ 0.90347475  0.93419343]
[ 1.74028007  5.86706026]
[ 0.02002507  2.50673113]
[-0.35510042  3.22901762]
[-0.62536635  4.12945827]
[ 0.791094    1.14379343]
[-2.58221383  4.77276499]
[-1.35949151  2.09611631]
[-0.53932654  1.32084992]
[ 0.3387065  -1.11619389]
[-3.29252995 -1.04387798]
[ 0.16427418  3.89968009]
[ 5.16184356 -0.89661034]
[ 4.22571647 -2.50406403]
[ 1.31294542 -0.57705444]
[-1.67229882  0.48434578]
[ 0.39446963  1.10446529]
[ 0.35993649  0.65491597]
[ 5.07550511  1.57139128]
[ 1.65287976  2.57386633]
[-0.90914666  1.18654858]
[ 0.12688754 -1.22300282]
[ 4.87626051  1.23480676]
[ 1.02660495 -0.43762716]
[ 1.22845375  3.21879953]
[-1.89693738  1.11487872]
[ 0.91557896  3.62255652]
[ 2.83543063  0.9303    ]
[-1.6673389   2.73344229]
[ 2.57682213  0.55299272]
[ 1.86836711 -0.29127064]
[ 0.36227191  0.45417423]
[ 3.35146944  1.64847103]
[ 2.57290034 -1.46513276]
[ 2.01017397  0.6755945 ]
[-1.9147888   0.25812375]
[ 0.96220322  0.38343527]
[ 0.06532625  0.0561533 ]
[-0.0128366   0.35274144]
[ 0.95183916  4.23642764]
[ 0.61174702  4.43930344]
[-2.64518192 -2.11084176]
[ 0.5300717   6.78094033]
[-0.17981529  1.93130073]
[ 0.98716587  2.3301547 ]
[-1.46293065  2.62996942]
[ 2.70157595  0.58506015]
[ 0.67113717  0.83459392]
[ 0.80332346  4.32775625]
[ 1.00000321  1.61282963]
[-0.20516246  1.26543524]
[ 2.53869782 -0.68744767]
[-0.703137   -0.17916174]
[-1.14698164  1.66430095]
[ 0.13984818  0.36795554]
[-4.06805772  0.60668276]
[ 0.69948076  3.13605488]
[  1.15786453e-03   1.97682057e+00]
[-0.14041929 -0.230267  ]
[ 1.43435364  0.73632626]
[ 1.09765628 -3.15651419]
[ 0.2479153   1.24123957]
[ 3.37184987  1.59950237]
[ 1.35088952  2.11883172]
[ 0.20741201  3.47896391]
[ 1.0933231   3.12516761]
[ 1.72636145  1.26617185]
[-1.58781028  4.59090413]
[ 1.23189345  0.94820182]
[ 3.45689576  3.09460564]
[-0.16459653  0.56651591]
[ 1.51499158  0.73083036]
[ 2.17122176 -1.01165247]
[ 3.17471355  3.10949015]
[ 3.95802116  0.57115157]
[ 1.06333349 -0.9043195 ]
[ 2.84145468 -0.08157235]
[-0.27556097 -1.49484397]
[-1.47510206  2.5019875 ]
[-1.25728993  1.15068863]
[ 3.78840201  2.16110602]
[-0.03188373  3.75254535]
[-0.18307193  0.66789107]
[-1.26019003  0.67439519]
