[ 0.82672024  4.05886184]
[ 0.61969469  1.44823289]
[ 2.23001256 -1.35369848]
[-1.02897272 -0.33113933]
[ 3.95338113  1.31232582]
[-1.02012369  0.69788822]
[ 0.67802353 -0.01128916]
[ 1.05784095  2.18893279]
[-0.15214381  0.09048216]
[ 1.29963614 -2.37995762]
[ 0.09972965 -0.34143133]
[ 0.65199254 -0.94029784]
[ 2.52984835 -1.7611209 ]
[ 1.25275898 -0.89558574]
[ 2.8054762  -1.28340605]
[ 4.14600713 -1.26339414]
[-0.35535231  4.28439686]
[ 3.99559587  3.38236407]
[-0.74884838  1.4245694 ]
[-4.66668888 -0.07943662]
[-1.29334991 -3.23947628]
[ 3.24514243  0.57152532]
[ 3.21265953  4.51766287]
[ 0.47135918  1.25847388]
[-1.26793601  2.04707552]
[ 2.19492241 -1.09582678]
[ 0.27147045 -2.1687862 ]
[-0.5300269  -4.11821643]
[-0.39241898  3.52331096]
[-1.00157201 -0.44236571]
[ 6.41398315  2.17976257]
[ 3.04238376 -4.39731335]
[ 0.77651901 -0.40735978]
[-3.04336969  0.49437319]
[-0.67009073 -0.14134965]
[ 1.23772017  0.8127226 ]
[ 0.90615021  1.19735649]
[ 0.86908931 -0.80426906]
[-0.50606167 -0.12733996]
[ 3.10412787 -0.09660943]
[ 0.54708542  1.48962584]
[ 1.55894765  3.40184806]
[ 0.60509477  2.54115008]
[ 2.41922805 -2.9944348 ]
[-1.96487275  5.63742037]
[-1.36335768 -5.02587403]
[ 1.8524101  -0.20772155]
[-5.27700912  0.5092651 ]
[-1.71098636 -0.63459473]
[ 3.80862696  2.4921955 ]
[-0.05336555  1.00741476]
[ 5.53834581  1.02401423]
[-0.31632382 -2.32282305]
[ 2.50605334  0.29884775]
[ 2.90513017  3.88054638]
[-1.55884692  2.76908129]
[ 3.07135585 -0.63150732]
[ 2.37427312 -2.60728738]
[-0.06969737  1.33631813]
[-0.21811406 -2.0220766 ]
[ 3.55248506  1.75686867]
[ 1.12320663 -0.16206932]
[ 1.85429121  1.74116442]
[-0.62887538  1.49790138]
[ 0.00880492  0.7097579 ]
[ 1.507575   -0.71667875]
[-0.74357198  1.0075485 ]
[-0.0153989  -0.19826522]
[ 0.1675765   1.76294202]
[-0.88442973 -1.77483004]
[-2.18184339  1.38897469]
[ 0.44760672 -0.71164388]
[-0.0156032   0.95773744]
[-2.04709667  2.03639434]
[ 0.39257554  3.26924295]
[ 2.18157165  2.10122405]
[-0.83127717 -1.01700423]
[ 0.40326165 -0.61888914]
[-1.43070829 -1.6497991 ]
[ 3.92837008  2.94466338]
[ 3.27036016  0.58289576]
[-0.37613239  2.78378478]
[-1.81869501  1.58512608]
[-2.81100985  2.39085532]
[ 2.1658839  -2.38047363]
[ 0.45935607  1.70428739]
[ 3.11085694  4.3734858 ]
[ 1.4159912   2.72637866]
[ 1.27815174 -2.69109319]
[ 1.82396229 -1.42366673]
[-1.15690487  0.15848595]
[ 2.32201534  4.03436223]
[ 4.74785542  2.23706577]
[ 2.63748497  1.04030455]
[ 1.87151244  3.64593202]
[ 0.04322836 -1.35690772]
[-1.77534714  0.99350982]
[-2.00308426  0.36452597]
[ 1.30508658  1.12014732]
[ 2.40526779  2.86053824]
[ 3.94542456  0.15161773]
[ 1.16993122  1.41316653]
[-2.29060287  0.89842709]
[-0.36671582  1.95488012]
[-0.2687884   3.00850548]
[-0.04920334  3.92919047]
[ 0.70957844  0.11044267]
[ 1.37713068  3.38548228]
[ 0.78023678  2.60858817]
[ 0.70000018  2.34622428]
[-1.27253123  0.45728875]
[-1.82899071  3.46503122]
[-1.67517357  3.01270354]
[ 2.19086664  0.49098073]
[ 5.53821871  0.22361684]
[ 0.08856171  3.1413524 ]
[ 5.2377746   0.31444077]
[ 1.15994317 -1.98114322]
[-0.25094162 -0.15215504]
[ 0.39305696 -0.1125876 ]
[-0.48940812  2.22352854]
[ 2.31772849  0.32029582]
[ 1.13071027 -0.45531819]
[ 1.0676957   1.16610276]
[ 3.59020611 -3.05141853]
[ 1.4525763  -0.53472743]
[ 0.90617944 -1.98010107]
[-0.88243733  0.59611812]
[-1.81088361 -0.84997376]
[ 3.04882962 -2.45067524]
[ 1.88085834 -4.20024012]
[-0.73867112  1.66879355]
[ 1.86924399  2.11894746]
[-2.82325152  1.19212059]
[-1.42591402 -4.27636428]
[-1.65855081 -2.07188082]
[ 1.40773125  0.84971215]
[ 1.34327051 -2.50335862]
[ 0.8695839   0.80032992]
[-2.50972399  3.171767  ]
[ 0.61041153 -0.62751498]
[-1.80805127 -2.00567402]
[ 3.10111177 -3.58808002]
[ 2.7520165  3.0571777]
[ 1.8442535   3.33858275]
[ 1.58473351  3.16368647]
[-5.15023595  0.83166806]
[ 0.89467335  1.85120298]
[ 2.05862172  3.35128115]
[-1.22743815 -0.15203234]
[-0.05253539 -1.23045631]
[ 4.6810399  -1.65244917]
[-1.01928927  2.16956334]
[ 3.09922559  2.14198463]
[-0.20326291  0.15653789]
[-0.10470251  4.29241041]
[ 0.04480964  0.22507678]
[-0.93005556 -0.54128352]
[-1.28171179 -3.69579455]
[ 1.51615391  2.92824731]
[ 3.48209569  2.2923359 ]
[ 1.01169439  0.50872038]
[-1.06269677  1.18991903]
[ 3.29036534 -2.67099309]
[-0.47627084 -1.72143377]
[-1.5406088   0.46638518]
[ 0.71709853  2.98252542]
[-2.28196118 -2.18483132]
[ 3.12407328  5.38165484]
[ 3.00063286  1.39318094]
[ 2.78414541  1.02383976]
[ 0.92991634 -1.0122429 ]
[ 3.47080642 -1.6519018 ]
[ 0.02504073  1.74300846]
[ 0.20359265  0.6457338 ]
[-2.95175319 -0.77874065]
[-0.17739321 -1.44272364]
[ 5.09749476  0.30112835]
[ 1.52976292 -3.86861264]
[-2.40408193 -1.43795193]
[ 5.64245653  1.60037477]
[ 0.72555219  0.06817223]
[ 1.30496664  0.19327912]
[ 0.2010967   5.02665804]
[ 2.28612445 -0.65729681]
[ 3.44494427 -0.86545637]
[ 2.19079398  1.27042558]
[ 3.45345898  3.0923494 ]
[ 4.84554924 -0.66523564]
[ 4.68970473  3.72844751]
[-0.48791277 -0.77776558]
[ 2.3651714  3.6067778]
[-1.25895107  3.52479376]
[ 0.13240199 -0.48750691]
[ 2.49945269  2.80833607]
[-1.78924103  1.42370887]
[ 0.96635691  2.1641736 ]
[-0.78492549  3.05892897]
[ 1.28983632 -1.53112322]
[-2.90752249  1.0164628 ]
[ 3.33836669  0.15893219]
[-0.08934388 -0.2110187 ]
[ 1.8786404  -1.88884247]
[ 1.54873282  0.24282237]
[ 1.48188152  0.9304934 ]
[ 1.11275963  3.48432847]
[-0.70118202 -2.84186881]
[ 0.38336622  3.43785574]
[ 2.35327688  0.63386027]
[ 1.76092675 -1.2920793 ]
[-0.90603135  1.87108304]
[ 1.09899916  1.58314791]
[ 5.09064915 -6.47369346]
[-1.09851268  1.77794527]
[ 4.39077789  4.118141  ]
[-0.10235833  1.4021751 ]
[ 2.56893718  0.88468576]
[ 1.10657777  0.62556616]
[ 3.64364787  5.03109886]
[ 2.36430975  0.37705609]
[-0.46947953  4.56416838]
[ 2.4458505   3.55863625]
[ 1.85631711 -0.70400727]
[ 0.8308531   1.41190287]
[ 4.14521635  0.79927145]
[ 2.81077429  2.72125676]
[ 3.32841084 -2.33369434]
[-0.6438679   1.92211984]
[-0.86951802  0.25667644]
[ 2.33510854 -1.9812726 ]
[ 1.93430695 -0.36263197]
[-1.67727215  2.33576487]
[ 1.08859063 -1.16736349]
[ 1.41765421  1.61938233]
[-1.14834314  2.48385683]
[ 4.8151749   1.47657457]
[ 2.05036698 -3.27621582]
[ 1.93096837  0.28256499]
[ 2.86153857  0.99996968]
[-1.26656203 -2.46767732]
[ 3.75666059  3.52612035]
[ 4.44718356 -1.61812993]
[ 1.6595282  -0.14078732]
[ 1.16251307  1.62424351]
[ 2.99927751 -0.5171248 ]
[ 2.85194083  1.64384893]
[-1.53652403 -0.1301885 ]
[ 0.76029963 -2.01562198]
[-2.05800021  2.62533651]
[-0.74657643  0.15651913]
[-0.87511326  2.46499269]
[-0.99423446 -2.04798587]
[-0.66724237 -2.82981957]
[-1.48528219  1.67886435]
[-2.20756711  1.63505855]
[ 5.23995942 -1.2120871 ]
[-0.52297452  2.48400935]
[-0.04929435  1.45129267]
[-0.61295876  1.18254834]
[ 0.04124908  2.46684832]
[ 4.46383957  0.48883377]
[ 2.42663924 -0.09095703]
[ 3.35789026  1.2621649 ]
[ 0.11479942  2.15189071]
[ 0.44123794 -0.29186931]
[ 3.15300863 -0.81117575]
[ 3.19796314  4.26703822]
[ 2.47613298  4.02059077]
[ 0.69068445  2.36836327]
[-4.06791927  1.32349894]
[ 1.32845031 -1.58921059]
[-0.7534651   3.29681076]
[-1.94638475  1.12595909]
[ 4.49895319  3.09264682]
[ 4.73457131  1.88297787]
[-1.66474735  0.51588178]
[ 3.06609686  0.7986123 ]
[ 5.1397653  2.3837176]
[ 4.81920589  3.02225383]
[ 0.1894399   0.14189166]
[-1.16360693  3.95766214]
[ 2.96030113 -1.37019706]
[ 0.67859037  0.56405586]
[ 3.29445667 -2.79798595]
[-0.69482751  2.51064714]
[-1.41749511  2.31627936]
[ 0.81033736  2.29067259]
[-0.27509458 -2.49020294]
[-1.29366658  7.98646697]
[-1.30230898  1.75744128]
[ 1.77012996  3.63864624]
[ 1.47067709  4.52692073]
[ 1.785903    3.14725407]
[-0.52412907  2.70936235]
[-0.5038606   0.03366032]
[-2.17855867  0.34510181]
[ 1.64849626  0.01590778]
[ 2.10315962 -3.37699081]
[-0.34319739  2.82259898]
[-1.04930559  3.89318082]
