[ 3.66228144  1.88282525]
[ 3.4821833   1.72998024]
[ 2.38973131  1.96580771]
[ 2.43235719  1.77317894]
[ 2.48320079  1.68461322]
[ 2.82541515  1.4557365 ]
[ 2.74185856  1.47729206]
[ 3.61428477  2.09750631]
[ 2.95970209  1.49890844]
[ 3.53517705  1.7947079 ]
[ 2.40648792  1.86242607]
[ 2.4833537   1.73901898]
[ 2.36905202  1.96104736]
[ 3.618232    2.06126905]
[ 2.70534081  1.5401726 ]
[ 2.70003996  1.54854562]
[ 2.51585972  1.73175472]
[ 3.66634927  1.91337996]
[ 3.25815836  1.4556573 ]
[ 2.81651388  1.48923091]
[ 2.35742976  1.85163368]
[ 2.97808396  1.42973117]
[ 3.07977767  1.49092756]
[ 2.83340179  1.45824384]
[ 2.35155566  1.94806387]
[ 2.33901943  2.06143566]
[ 2.41433308  1.87568334]
[ 2.87231513  1.45796465]
[ 2.80970075  1.51436746]
[ 3.37399463  1.60958175]
[ 3.4003267   1.53524523]
[ 3.47628506  1.64671438]
[ 3.56433079  1.7865286 ]
[ 3.27416805  1.52592967]
[ 3.65779328  1.96678342]
[ 2.35783151  2.09906145]
[ 3.61987283  2.08785344]
[ 3.33230699  1.57985574]
[ 2.79667548  1.46042147]
[ 3.66567833  1.94412061]
[ 3.61184887  1.79677585]
[ 3.61119896  1.94892697]
[ 3.27525678  1.5162534 ]
[ 3.26821858  1.54452534]
[ 3.42651005  1.67022627]
[ 2.30480799  2.09543814]
[ 2.68850313  1.55537865]
[ 2.53472946  1.67756855]
[ 2.80511861  1.43882866]
[ 2.51742698  1.67993605]
[ 3.25547881 -0.01852123]
[ 2.39685647  0.51504554]
[ 3.42113699  0.13898313]
[ 2.70749016  0.04163398]
[ 3.4775353   0.16397124]
[ 3.18329859 -0.02248813]
[ 2.35678733  0.49301516]
[ 3.01043077 -0.06689008]
[ 3.34793076  0.0349303 ]
[ 3.10228321 -0.07217043]
[ 3.59214686  0.29571723]
[ 3.24316015 -0.01849669]
[ 3.3559091   0.07515171]
[ 2.37016848  0.41258065]
[ 3.26249987  0.02357405]
[ 2.38992365  0.46038486]
[ 2.73265878 -0.04112492]
[ 3.62205907  0.29189696]
[ 2.39522219  0.35170186]
[ 2.97165152 -0.01474745]
[ 3.43302406  0.15715237]
[ 2.63650175  0.09355705]
[ 2.53116851  0.19634211]
[ 2.41768094  0.32892244]
[ 2.74135543 -0.04058001]
[ 3.60032584  0.5002471 ]
[ 2.84421072 -0.02229667]
[ 3.67773342  0.5700749 ]
[ 2.5829631   0.10855808]
[ 3.29552581 -0.0285372 ]
[ 3.3289079   0.06722781]
[ 2.32891287  0.51201976]
[ 2.35459182  0.58646002]
[ 3.19461845 -0.00538524]
[ 2.85284733  0.01791674]
[ 2.4135817   0.29455503]
[ 2.74486578  0.05455644]
[ 3.63831651  0.50477057]
[ 2.94069616 -0.06828126]
[ 2.73333329 -0.02590603]
[ 2.55662012  0.15313966]
[ 2.39890529  0.47336928]
[ 3.2973103   0.06253748]
[ 3.32974953  0.08938635]
[ 3.6224808   0.39344877]
[ 2.35774991  0.59337503]
[ 3.49671355  0.21120776]
[ 3.64179458  0.44607893]
[ 3.52236524  0.23035978]
[ 3.30932418  0.01475939]
[ 3.51881863  0.97979544]
[ 3.53386248  1.55061531]
[ 3.55793204  0.59338364]
[ 3.58887997  1.23631516]
[ 3.57159302  1.5381723 ]
[ 3.5694872   0.60606407]
[ 3.57417413  0.74599491]
[ 3.59894393  1.55562614]
[ 3.5003022   0.56635272]
[ 3.54972607  1.42743734]
[ 3.56543586  1.4371028 ]
[ 3.50089387  1.22611726]
[ 3.56703234  0.92580734]
[ 3.51688351  1.89240884]
[ 3.58080479  1.84767994]
[ 3.52384207  1.51925802]
[ 3.53515965  1.69228674]
[ 3.58309257  1.15088264]
[ 3.59520365  1.25821293]
[ 3.56182335  1.59526066]
[ 3.57005254  1.90431105]
[ 3.58469724  0.77491442]
[ 3.51198019  1.00718578]
[ 3.50159019  1.64901535]
[ 3.55526636  1.34960395]
[ 3.5970853   1.74668507]
[ 3.5833879   0.80772242]
[ 3.59504685  1.75232666]
[ 3.52686285  1.64400547]
[ 3.59190838  1.9329831 ]
[ 3.51438205  0.75106688]
[ 3.55642966  0.82498222]
[ 3.50802044  0.98445755]
[ 3.51713433  0.83403269]
[ 3.58086791  0.7397378 ]
[ 3.59379016  1.99639925]
[ 3.51951353  0.65779932]
[ 3.57811363  1.76735152]
[ 3.57139066  0.94384791]
[ 3.59706433  0.97462176]
[ 1.25061693  1.03066019]
[ 1.43121847  1.80192915]
[ 1.55492109  1.33306796]
[ 1.22385541  2.03713974]
[ 1.22181052  1.03687937]
[ 1.45875017  1.72804745]
[ 1.54974333  1.50218684]
[ 1.51112106  1.2626797 ]
[ 1.21147217  1.95781993]
[ 1.01493907  0.95289052]
[ 1.57192198  1.38167275]
[ 1.36451096  1.96562478]
[ 1.31843884  1.05176368]
[ 1.56026466  1.64839709]
[ 1.43668246  1.76369908]
[ 1.00708921  0.91478026]
[ 1.50615502  1.38670727]
[ 1.09794081  1.00641426]
[ 1.26966934  1.99956489]
[ 1.46040644  1.17620509]
[ 1.20104983  1.00315567]
[ 1.56675041  1.63166668]
[ 1.45197278  1.24659755]
[ 1.16990103  0.94552053]
[ 1.5004484  1.571076 ]
[ 1.29793326  1.03610265]
[ 1.53384552  1.59868358]
[ 1.50800056  1.35009122]
[ 1.46323528  1.30833182]
[ 1.47496475  1.14393807]
[ 1.00495598  2.09909085]
[ 1.27565285  0.99187969]
[ 1.42483212  1.1842818 ]
[ 1.12783125  2.02639558]
[ 1.19308907  1.02047108]
[ 1.2161448   1.04669425]
[ 1.39850391  1.06442328]
[ 1.55151546  1.53595569]
[ 1.38604182  1.04692696]
[ 1.43972438  1.1406281 ]
[ 0.1342033   2.01417654]
[ 0.32015989  2.0271237 ]
[ 0.77510646  2.00973179]
[ 0.13855858  2.06438559]
[ 0.22384966  2.05809072]
[ 0.3255515  2.0094507]
[ 0.07879554  2.05321038]
[ 0.88081228  2.04505636]
[ 0.69890964  2.0641495 ]
[ 0.70960905  2.01033293]
[ 0.4320157   2.06820052]
[ 0.12427349  2.029557  ]
[ 0.62058873  2.06499928]
[ 0.30374012  2.04129597]
[ 0.42466588  2.08328545]
[ 0.95728658  2.054248  ]
[ 0.0211797   2.06773625]
[ 0.09435738  2.02625753]
[ 0.75720031  2.06239074]
[ 0.46825574  2.0819986 ]
[ 0.45556665  1.04076168]
[ 0.47294207  1.09234155]
[ 0.53177558  1.04353231]
[ 0.72976227  1.00108518]
[ 0.17907887  1.07810423]
[ 0.28039254  1.03771153]
[ 0.43142187  1.01113816]
[ 0.27952625  1.02117015]
[ 0.34552298  1.09369642]
[ 0.04846021  1.05201627]
[ 0.82204329  1.02483309]
[ 0.73034488  1.05905412]
[ 0.48262743  1.00177296]
[ 0.80353992  1.05780138]
[ 0.83373623  1.01214287]
[ 0.28714142  1.01414541]
[ 0.78293667  1.07733423]
[ 0.13277833  1.04573735]
[ 0.2758645  1.084114 ]
[ 0.51627327  1.09242432]
[ 0.0347995   1.09479748]
[ 0.05429381  0.06667582]
[ 0.00665449  1.9326485 ]
[ 0.09721854  1.13035306]
[ 0.09140081  0.23112948]
[ 0.00980739  0.29007145]
[ 0.04863787  0.14763933]
[ 0.00674381  1.23068805]
[ 0.01354582  1.65077889]
[ 0.0888227   1.19432334]
[ 0.06613656  1.65504953]
[ 0.07948742  1.07624899]
[ 0.03862124  1.28983298]
[ 0.04225376  1.30308531]
[ 0.02452456  1.4094754 ]
[ 0.09307773  1.2942349 ]
[ 0.04335245  0.31089084]
[ 0.01740583  1.39987872]
[ 0.01377271  1.96348314]
[ 0.00297133  0.67575726]
[  1.16662609e-03   1.56008466e+00]
[ 0.06796094  0.18739618]
[ 0.03251325  0.50494877]
[ 0.08698659  1.20211304]
[ 0.07891844  0.46861807]
[ 0.01353963  1.9789136 ]
[ 0.08896498  0.8772327 ]
[ 0.05451388  0.48469814]
[ 0.09539866  0.38090965]
[ 0.04520319  1.10140703]
[ 0.05664663  0.2750402 ]
[  3.75750299e-04   7.32797096e-01]
[ 0.06102753  0.00688347]
[ 0.00219899  1.60379414]
[ 0.06343371  0.42917579]
[ 0.06710326  1.81075342]
[ 0.03843439  0.51252169]
[ 0.02202102  0.06997905]
[ 0.07177518  1.18784183]
[ 0.05680945  1.30599117]
[ 1.29393757  0.14527902]
[ 1.22671746  0.33718519]
[ 1.18704682  0.60837613]
[ 0.99583904  0.99045811]
[ 1.22583337  0.39111945]
[ 1.24513509  0.27421221]
[ 1.26336146  0.10923216]
[ 1.33664985  0.12142881]
[ 1.29907748  0.2095071 ]
[ 1.283899    0.47231986]
[ 1.29464609  0.00739895]
[ 1.03934072  0.99982938]
[ 1.06440026  1.01553076]
[ 1.28036878  0.16687694]
[ 1.08924699  0.96132864]
[ 1.28267202  0.19063402]
[  1.28074442e+00   1.19509625e-03]
[ 1.22273929  0.62646185]
[ 1.19620822  0.68807375]
[ 1.23368806  0.33441167]
[ 1.23787126  0.58952725]
[ 1.15166635  0.88788189]
[ 1.1295584  0.7755694]
[ 1.20597152  0.63312978]
[ 1.33661937  0.04509477]
[ 1.14805353  0.69296325]
[ 1.0337609   0.93267498]
[ 1.04313863  1.03448078]
[ 1.2526906   0.56272752]
[ 1.27449128  0.16031889]
[ 1.30872298  0.24075204]
[ 1.29211547  0.22571101]
[ 1.2519403   0.12829935]
[ 1.07605119  0.83829025]
[ 1.20846665  0.53512966]
[ 1.06910393  0.97378064]
[ 1.23323223  0.46592778]
[ 1.11116759  0.7764625 ]
[ 1.18147371  0.72625709]
[ 1.25255935  0.03657243]
