[-0.82903781  0.50313326]
[-0.98357908  1.46587186]
[-0.33647737  4.5515251 ]
[ 0.89968399  4.68270047]
[ 0.56531419  0.85789484]
[ 0.84479392  4.92735462]
[ 0.74231162  3.03966945]
[ 0.05860865  0.13606148]
[ 0.5801547   1.40821352]
[ 0.760241    3.83367269]
[-0.25242191  2.08081936]
[ 0.33527692  0.34995119]
[-0.41861532  4.81430284]
[-0.90414967  2.28560818]
[ 0.2379532   3.28086525]
[ 0.32408336  0.93036744]
[-0.53814755  2.33170082]
[-0.18866586  1.76889109]
[-0.39868735  1.69006697]
[-0.10945158  4.04227985]
[-0.25157996  3.56515901]
[ 0.28888234  0.7362093 ]
[ 0.3674636   0.17322435]
[-0.65553763  1.20271147]
[ 0.39026384  2.37009487]
[ 0.9279674   2.00060761]
[ 0.89184595  1.49742164]
[ 0.3990346   3.23924629]
[ 0.13159446  4.7949835 ]
[ 0.35582417  3.95122359]
[ 0.09356891  4.6695832 ]
[-0.38868784  2.63614836]
[ 0.46384085  0.46380404]
[ 0.33447337  1.88087005]
[ 0.27326693  2.47231187]
[ 0.14814805  3.69772249]
[-0.94719725  0.80397924]
[-0.80519934  0.11928322]
[ 0.37033655  4.72662489]
[-0.64656232  2.96828964]
[ 0.86909367  2.61233008]
[ 0.30973756  2.65357743]
[ 0.38435562  3.48709869]
[ 0.39268704  3.04065684]
[-0.3101074   1.88382953]
[ 0.02625993  0.82191551]
[-0.8110941   2.51097363]
[ 0.03239776  3.82127693]
[-0.76856413  4.29415641]
[ 0.51769588  3.11629492]
[ 0.7696171   3.67356696]
[ 0.4621095   1.75877781]
[ 0.7486011   2.83881337]
[-0.30203346  4.7106625 ]
[-0.45271092  0.78208342]
[-0.6914875   0.46392585]
[-0.15493426  2.32780958]
[-0.00567828  4.44278857]
[ 0.56891237  3.00941214]
[ 0.89085586  4.31051116]
[ 0.22620017  2.74116348]
[ 0.78475978  4.70173162]
[-0.52309536  0.06144963]
[ 0.11145601  4.99111302]
[ 0.45833575  0.09278959]
[ 0.15662822  3.27450614]
[ 0.38952112  4.202591  ]
[-0.56904257  3.14993948]
[-0.27661286  0.05355157]
[-0.42273985  1.21213038]
[ 0.41819718  3.24172608]
[-0.97469206  3.93127456]
[-0.92707691  4.52099635]
[-0.0031259   2.10554027]
[-0.46626593  3.20561791]
[-0.12783714  0.2412615 ]
[ 0.44623262  2.31084783]
[ 0.24754343  4.52687535]
[ 0.69663092  4.42320435]
[-0.46293754  0.88263857]
[-0.71143931  0.63798837]
[ 0.29354587  1.02897669]
[ 0.53145132  2.74627381]
[-0.56683605  4.53175691]
[ 0.71942878  1.71559297]
[-0.52155692  3.1617151 ]
[-0.21342477  4.13004771]
[-0.57544749  4.41271697]
[-0.01417635  4.11919482]
[ 0.38046044  4.33544452]
[ 0.07634233  3.99252009]
[-0.48939061  4.8362001 ]
[ 0.25939947  4.13413387]
[ 0.40779206  4.82729131]
[-0.45316358  4.26765553]
[-0.38601877  1.40096512]
[-0.34407562  4.94113925]
[ 0.44759165  4.16641078]
[ 0.23070713  0.92832713]
[ 0.82048442  2.74094516]
[-0.38134532  2.40214592]
[-0.95872778  4.87503366]
[-0.01459533  0.27355299]
[-0.14849603  4.06055919]
[-0.16203515  2.93138031]
[-0.07044226  2.58651787]
[-0.70164283  3.47220028]
[ 0.42510237  3.77918888]
[-0.48092765  1.8442039 ]
[ 0.57001118  0.36839752]
[ 0.03867317  2.85453945]
[-0.04808945  3.60470731]
[-0.10467342  0.74131617]
[ 0.47908745  4.3692976 ]
[-0.91463911  2.79536476]
[-0.70566743  2.31119755]
[-0.22977125  0.85996293]
[ 0.17187388  4.32759693]
[-0.21837424  3.2939227 ]
[-0.77494308  3.85413435]
[ 0.35500548  2.58415367]
[ 0.48629258  1.75974959]
[-0.84754552  2.92411876]
[-0.25261715  2.2200923 ]
[-0.70679511  4.18858135]
[ 0.4757985   3.15537494]
[ 0.15382325  1.7863366 ]
[-0.77400964  4.44761405]
[-0.98617561  4.16324268]
[-0.50272762  1.25727653]
[ 0.16274235  0.23762246]
[-0.28977126  3.56147675]
[ 0.35453488  1.84121997]
[ 0.37973137  4.9339938 ]
[-0.30663408  4.49892905]
[-0.89606015  3.36017165]
[ 0.56295602  1.62709456]
[ 0.62634757  4.711221  ]
[-0.0303977   0.41821203]
[-0.27070231  4.19938997]
[ 0.98141988  3.85246083]
[-0.70583755  3.45997907]
[-0.952975    1.00804048]
[-0.30986319  3.0292472 ]
[ 0.3207952   4.68386858]
[-0.39087022  3.673193  ]
[ 0.17633878  1.65764834]
[-0.73997942  3.81430207]
[-0.80573765  1.49584634]
[ 0.96700471  3.31513467]
[ 0.07077663  1.17742793]
[ 0.06909905  4.24573117]
[-0.68157121  1.29321323]
[ 0.28896822  1.46006005]
[ 0.34400723  4.71149204]
[ 0.80509659  3.7410248 ]
[ 0.69270605  4.93777911]
[ 0.80288266  2.42291215]
[-0.76090081  1.17904881]
[ 0.21165467  0.32670838]
[ 0.58813773  2.29642521]
[ 0.39809797  2.62438174]
[ 0.38683952  1.9483421 ]
[-0.93852588  1.95887625]
[ 0.74004896  4.67703921]
[ 0.04554766  0.03163624]
[ 0.10842187  4.81739158]
[-0.5004417   2.29836279]
[ 0.98892987  0.43377041]
[-0.60104153  1.17467051]
[-0.50188793  2.59905465]
[-0.79383849  3.23349982]
[-0.31404147  3.29371537]
[-0.98202286  1.27744452]
[-0.06049376  2.89463107]
[-0.61690403  3.02639898]
[ 0.50047011  1.55364473]
[ 0.69355572  3.47346371]
[ 0.01910921  0.97989731]
[-0.53652584  0.61030873]
[ 0.29083693  4.3477568 ]
[-0.78278254  1.4187313 ]
[-0.43050713  1.70658065]
[-0.51540643  0.4254656 ]
[ 0.68523687  4.99100783]
[ 0.69897477  0.86664129]
[-0.99431728  4.52631524]
[-0.69985632  4.93704559]
[-0.86377459  4.21998445]
[ 0.50447274  0.27122346]
[-0.11280948  0.54287959]
[-0.40645849  4.99032306]
[ 0.68521703  3.45707324]
[-0.5410576   3.93133605]
[-0.42998791  2.65787413]
[ 0.95417388  2.97250992]
[-0.25243182  3.55539944]
[-0.70087139  4.36904939]
[-0.06958957  4.79123094]
[-0.33433987  0.41749401]
[-0.34683951  2.27170681]
[ 0.13492268  4.25936116]
[-0.15414503  3.03471756]
[ 0.94756005  2.21592856]
[-0.33309342  3.8215681 ]
[ 0.54475551  4.97483238]
[-0.52718563  4.19626929]
[ 0.3994497   3.88227131]
[-0.38816324  1.19762631]
[ 0.79520864  4.33772715]
[ 0.88714922  1.86356363]
[-0.23774559  2.51979926]
[-0.78367509  1.12344361]
[ 0.71593754  1.09339466]
[ 0.28779504  3.19920718]
[ 0.71830091  1.09728615]
[ 0.78715935  4.64307628]
[-0.11928564  0.95060038]
[ 0.58188112  1.10201125]
[-0.36133166  3.19478168]
[-0.16402935  1.80247768]
[-0.28998418  1.78524481]
[-0.52208271  1.12875136]
[ 0.7175142   0.22419518]
[-0.64933501  3.05719778]
[ 0.19949324  4.02885209]
[-0.83411417  4.01016691]
[-0.25221833  3.52454068]
[-0.81052749  1.08620608]
[-0.48769096  2.02692474]
[ 0.44235712  2.42916033]
[ 0.91112794  2.86272776]
[-0.59786874  1.59770486]
[-0.81530004  3.62269224]
[-0.97368079  4.11436059]
[-0.38860528  3.39234493]
[ 0.96710932  4.16130197]
[-0.94538731  4.79250144]
[ 0.7491259   4.88174611]
[-0.87606277  2.43778618]
[-0.74423323  0.93339287]
[ 0.95560752  3.08658157]
[-0.00645236  0.15526796]
[-0.747077    4.47679008]
[ 0.07155939  4.53788273]
[-0.91747663  3.04206357]
[ 0.75281699  4.7784494 ]
[-0.64117418  3.44449904]
[ 0.75076706  3.35500294]
[-0.50150524  4.91126514]
[ 0.1218588   2.27328885]
[-0.326985    1.56751499]
[-0.50234887  3.62681442]
[-0.50356374  1.47862172]
[ 0.20551248  3.8284318 ]
[-0.36488064  2.77851682]
[-0.68801061  1.84408751]
[ 0.52228905  3.43429083]
[-0.99079722  0.38697996]
[ 0.92205443  2.18740409]
[-0.41133213  3.57002187]
[ 0.53769115  4.80065788]
[ 0.28915856  1.52507374]
[-0.16703186  1.01135587]
[-0.75947012  4.54344498]
[-0.33918146  2.63098726]
[ 0.5198981   3.67880486]
[-0.49246269  2.71930036]
[ 0.97173387  4.46231797]
[ 0.23375335  4.81111536]
[ 0.31282314  3.28988373]
[ 0.27252045  1.70258829]
[ 0.09430515  1.22103716]
[-0.72539399  0.3129005 ]
[-0.1900252   0.66681571]
[ 0.25419238  1.24770348]
[ 0.76085684  3.58920761]
[ 0.06082035  4.24524243]
[-0.25878119  3.18977227]
[  2.05692110e-03   2.18186368e+00]
[-0.09323011  0.2604418 ]
[ 0.46444833  3.35794225]
[-0.41817413  1.05930198]
[-0.83975519  3.23094618]
[ 0.88772016  2.00847415]
[ 0.2965462   4.28714661]
[-0.21754216  4.51786526]
[-0.02338068  0.78572698]
[ 0.52385835  2.8507748 ]
[ 0.87991584  1.85187795]
[-0.48170675  3.20281162]
[ 0.57724225  1.33936352]
[ 0.1521337   2.32973107]
[ 0.08634161  3.23380236]
[ 0.81929874  3.07642079]
[ 0.94310164  4.41068693]
[-0.63297251  0.74037412]
[ 0.1681768   1.75942179]
[ 0.43265322  3.33147939]
[-0.53483428  0.73541694]
