[[ -4.83376028e+00   3.43281384e+00]
 [  5.22441144e+00   1.45695823e+01]
 [  1.00805350e+01   4.90528761e+00]
 [  9.47682822e+00   3.00224060e+00]
 [  1.80150832e+01   4.70048984e-01]
 [  9.53155325e-01   1.84106460e+01]
 [  1.14510676e+01   5.75149486e+00]
 [ -1.22637583e-01   3.74937783e+00]
 [  6.33902823e+00   7.00057571e+00]
 [ -7.33596031e-01   1.18197611e+01]
 [  2.31527344e+00   6.29274486e+00]
 [  5.50485822e+00  -3.21654079e-01]
 [  6.51621662e+00  -4.15366576e-02]
 [  1.32907263e+01  -2.69972018e+00]
 [  4.06856590e+00   9.23003210e-01]
 [  1.18914857e+01   3.02154482e+00]
 [  1.10744589e+01   7.90126378e+00]
 [  6.83720726e+00   2.38235761e+00]
 [  2.87006458e+00  -2.20230207e+00]
 [  3.78910823e+00   2.77465617e+00]
 [ -8.22225822e+00   4.72890428e+00]
 [  7.97750967e+00   6.81192272e+00]
 [ -1.03613611e+01  -5.42788884e+00]
 [  8.64065212e+00   3.79094159e+00]
 [ -1.40695470e+00   3.32308951e+00]
 [  4.76619984e+00   4.62651107e+00]
 [  5.56246786e+00   5.24419315e+00]
 [  3.08970490e+00   9.07208886e+00]
 [ -3.64587882e+00  -3.11414471e+00]
 [ -6.04068060e-04   2.19028898e+00]
 [  2.25730923e+00   5.84136035e+00]
 [  5.12261044e+00  -5.52593460e+00]
 [ -1.11935087e+01   3.84422283e+00]
 [ -1.22859142e+00   8.93461851e-02]
 [  4.46812183e-01   1.07938753e+01]
 [  1.43192470e+01   2.26801796e+00]
 [ -2.76250293e+00  -5.99091811e-01]
 [ -4.81853546e+00   5.77292957e+00]
 [  1.70292361e+01   4.39723567e+00]
 [ -2.50190176e+00   2.70654681e+00]
 [  1.02353757e+00  -2.35174424e+00]
 [ -1.77229139e+00   8.73108355e+00]
 [  1.48835458e+00   3.83079136e+00]
 [  1.36128411e+01  -2.24338671e+00]
 [  5.88634343e+00   1.18846152e+01]
 [ -1.82322669e+00  -3.41614517e+00]
 [ -5.36168429e-01  -5.59490691e+00]
 [ -4.44258255e+00   7.02794389e+00]
 [  6.59368390e+00  -6.16141326e+00]
 [  1.01461332e+01   2.18651901e+00]
 [  2.64871527e+00   6.62070093e+00]
 [  1.83433897e-01  -1.06631126e+01]
 [  6.89341821e-01   1.43852943e+00]
 [  2.31809016e+00   9.78330625e+00]
 [ -2.10725946e+00  -1.81596256e+00]
 [  2.62808045e+00   4.04567388e+00]
 [ -8.81731734e-01   7.90497534e+00]
 [  1.29705678e+01   7.96125813e+00]
 [  5.83958805e+00   1.04540194e+01]
 [ -5.11363525e+00   4.77867478e+00]
 [  4.35349319e+00  -1.45192678e+00]
 [  1.10231716e+01   7.55736628e+00]
 [  4.91282332e+00   1.82102966e+00]
 [  2.51008966e+00  -1.05953310e+01]
 [ -3.57731786e+00   1.19210570e+01]
 [  9.37890598e+00  -1.31368478e+00]
 [ -1.62617199e+00   1.10447281e+01]
 [  6.08393315e+00   8.56423717e+00]
 [  1.84236260e+00  -4.20380521e-01]
 [  4.93195923e+00   5.69296211e+00]
 [  2.80692648e+00   2.83214891e-01]
 [  1.27226854e+01  -3.07316125e+00]
 [  5.14546027e+00  -2.26160257e+00]
 [  8.81329864e+00   1.04877672e+01]
 [  9.93583418e+00   1.08418215e+01]
 [  1.49995421e+01   9.72475258e+00]
 [  1.16499767e+01  -8.81281708e+00]
 [  2.50672489e+00   8.84275830e-01]
 [  1.66840253e+01  -1.48905557e+00]
 [  5.49800349e+00   3.33406442e+00]
 [  8.19924140e+00   6.51595331e+00]
 [  4.49284110e+00  -3.47058726e+00]
 [  1.73398461e+00   5.55920814e+00]
 [  5.06023359e+00   3.77985190e+00]
 [  6.80999517e+00  -3.22315026e+00]
 [ -5.24315583e+00   8.70805262e+00]
 [  6.53984530e+00   2.39320837e+00]
 [  2.46515014e+00   7.44156194e+00]
 [ -4.98424236e-01   1.97584208e+00]
 [  1.31769401e+01   3.29986169e+00]
 [  1.03315557e+01   2.16476128e+00]
 [  1.82254593e+00   3.29144661e+00]
 [  7.91782844e+00  -1.36972774e+00]
 [ -3.79652449e+00   4.19822969e+00]
 [  7.39452431e-01   2.18008004e+00]
 [  8.56728390e+00  -2.50636901e+00]
 [  1.41072850e+01  -7.14886861e+00]
 [  4.99269006e+00   3.83218870e+00]
 [ -2.43809732e+00  -3.88555660e+00]
 [  1.36610429e+00   1.65207016e+00]
 [  2.09115420e+00  -1.80716378e+00]
 [  3.83579758e+00  -5.65997852e-01]
 [  1.25620933e+01   2.88037229e+00]
 [  7.02376347e+00  -2.61680675e-01]
 [  3.50099551e+00   2.27194313e+00]
 [ -1.77740689e+00  -1.39261202e+00]
 [ -7.88782952e-01   4.18388137e+00]
 [  2.88141125e-01   2.68132762e+00]
 [  6.26558742e-02  -9.72029132e-02]
 [  4.87894065e+00   6.10846334e+00]
 [ -2.19935541e+00   2.36595742e+00]
 [ -4.07842123e-01   2.15513425e+00]
 [  2.60998667e-01  -2.15097833e+00]
 [ -2.30868066e+00  -1.62099828e+00]
 [  4.41584713e+00   5.94208799e+00]
 [  6.95236845e+00   3.68060498e+00]
 [  4.07022299e+00  -4.22222057e+00]
 [  2.99911454e+00   8.25488323e-01]
 [ -5.23564819e-01  -6.03054031e+00]
 [ -4.20798914e+00   4.78620938e+00]
 [  2.01484257e+00   2.30204946e+00]
 [  2.43131701e+00   6.55768988e+00]
 [ -4.05628453e+00  -3.28396602e+00]
 [  7.06751165e+00   3.23238469e+00]
 [  2.62171912e+00   4.64623734e+00]
 [ -5.43606952e+00   2.88800546e+00]
 [  4.67788982e+00  -1.28353251e+00]
 [  3.59315876e+00   7.49989817e-01]
 [  5.44531900e+00   6.11607231e+00]
 [  4.56698083e+00  -6.30331322e-01]
 [ -4.58911256e+00  -2.63146869e+00]
 [  7.60446020e+00  -2.52975480e-01]
 [ -2.96529186e+00  -9.01382897e+00]
 [ -4.41953141e+00   2.76496646e+00]
 [  2.67764251e+00  -1.60747802e-01]
 [  6.70836453e-01   2.52103264e-01]
 [  4.16054744e+00  -5.15053972e+00]
 [ -6.20879633e+00  -5.26219067e+00]
 [ -2.65561757e+00   1.51712539e+00]
 [  1.17986651e+00  -5.06774467e-01]
 [  6.42650652e+00   1.10036030e+01]
 [  4.18797229e+00  -1.19974483e+00]
 [ -2.71519473e+00   2.68858223e+00]
 [ -1.88735727e-01   6.76446066e+00]
 [  1.82777725e+00   4.67601084e+00]
 [  1.78774786e+00  -4.90928199e+00]
 [  1.57163434e+00  -2.04313442e+00]
 [ -6.00107039e+00  -5.39504769e+00]
 [  2.07737578e+00   4.37397375e+00]
 [  2.17340349e+00  -6.47312235e-01]
 [ -3.28990001e-01   1.01185011e+01]
 [  1.13731239e-02   3.12078457e+00]
 [  1.85279322e+00   1.02388656e+01]
 [ -4.90730804e+00   2.58235571e+00]
 [ -2.24371901e+00  -1.82709178e+00]
 [ -5.26219624e+00   2.53987791e+00]
 [  2.71789192e+00   3.04417673e+00]
 [  4.06605211e-01   4.53916753e-01]
 [ -1.57394025e+00   2.70723595e+00]
 [  6.56784901e+00   2.89540916e+00]
 [  4.45630345e+00   9.44215316e-01]
 [  7.19223599e+00   3.65158606e+00]
 [  7.53908818e+00   1.41539478e+00]
 [  5.91975770e+00   2.97325907e+00]
 [ -8.94006246e-01   1.22864963e+01]
 [  4.47865950e+00  -4.17841923e-01]
 [  7.14544586e+00   4.77735001e+00]
 [  3.33086450e+00   1.01757624e-01]
 [  7.45798871e-01   3.75441252e+00]
 [ -1.39313867e+00   8.89842029e+00]
 [ -4.27200321e+00   1.68424922e+00]
 [  4.19464892e+00   1.01271553e+01]
 [  1.64186488e+00   4.01936482e+00]
 [ -6.91330908e-01   2.82208847e+00]
 [  5.44745195e+00   4.86917407e+00]
 [ -5.59314772e-02   7.12839433e+00]
 [  3.04951173e+00  -3.24892248e+00]
 [  1.47562632e+00  -6.07663346e+00]
 [ -5.16705607e+00  -5.71191666e-01]
 [  8.75212103e+00   4.42950417e+00]
 [ -1.95057907e+00   3.07474559e+00]
 [  2.95321427e+00  -3.67085974e+00]
 [  7.81850851e+00   8.14853370e+00]
 [  5.71317739e+00   2.18114179e+00]
 [  3.42852161e+00   1.10868000e+01]
 [  8.43160846e-01  -1.70053718e+00]
 [  3.53198268e+00   2.14834634e-01]
 [ -6.72757509e-02   1.82071308e+00]
 [ -8.42325979e+00   3.40964460e+00]
 [  4.87768001e+00   3.54298362e+00]
 [  6.07405307e+00  -9.23785547e-01]
 [  1.05928148e+00  -1.98555475e+00]
 [  4.29631843e+00   9.06112671e+00]
 [  2.21569333e+00   4.87097681e+00]
 [  2.47395946e+00  -1.00853368e+00]
 [  4.87510501e+00  -8.94401597e-01]
 [  6.80345733e+00  -3.32556772e+00]
 [  3.65879630e+00   2.53617059e+00]
 [  4.77244144e+00  -4.60701907e+00]
 [ -4.69203518e-01   4.05685281e+00]
 [  1.01101044e+00   5.21164212e-01]
 [  2.61115489e+00  -1.66198994e-01]
 [  2.75344691e+00   2.38653308e+00]
 [  4.54327612e+00   1.93008229e+00]
 [  2.30866737e+00   5.33598539e-01]
 [  1.29309765e+00   8.33299965e-01]
 [  4.99889469e-01   3.61219580e+00]
 [  2.61628367e-01   3.90958573e-01]
 [  2.41149792e+00   6.55864602e-01]
 [  4.21574794e+00   2.45755420e+00]
 [ -9.84494851e-02  -9.04390880e-01]
 [  2.07269873e+00   2.15715710e+00]
 [  2.95154441e+00  -1.60881267e-01]
 [ -5.67979020e-01   1.37891093e-01]
 [  2.94974490e+00   2.12059673e+00]
 [  2.13850023e+00   9.40332201e-01]
 [  8.03384206e-01   2.56387865e-01]
 [ -1.32603023e+00   1.65017812e+00]
 [  3.82695618e+00   1.32700829e+00]
 [ -4.02586526e+00   4.43042268e+00]
 [  2.79099851e+00   3.31380140e+00]
 [ -6.97182637e-01   1.03224327e+00]
 [  1.56392001e+00  -2.21289389e-01]
 [  2.23469584e+00  -4.25252561e-01]
 [  1.52687040e+00  -1.09546942e+00]
 [  2.51486146e-01  -1.74170221e+00]
 [  1.48343965e-01   7.35774998e-01]
 [  1.19031146e+00   4.46059351e+00]
 [  5.30735631e+00   1.93982830e+00]
 [  3.03544664e+00   3.73892125e+00]
 [  6.41504914e-01  -3.09686978e-01]
 [  1.24770749e+00   6.03761010e+00]
 [ -3.91003705e-02   2.03940303e+00]
 [  1.01332869e+00   4.02917566e+00]
 [  2.60563183e+00   6.82700080e-01]
 [  4.71501734e-03   4.38970609e+00]
 [  3.01016150e+00   4.06333262e+00]
 [  9.90177969e-01   5.01380027e-01]
 [  2.66629316e+00  -1.88577757e+00]
 [  4.98254404e+00  -4.51252190e-01]
 [  1.17168137e+00   1.26884436e+00]
 [  1.63029349e+00  -2.11041537e-01]
 [ -1.17688080e+00   5.37647344e-01]
 [  4.73972644e+00  -4.81781820e-01]
 [  4.37443876e+00   2.74702014e+00]
 [  4.08907693e+00   1.90878848e+00]
 [  7.81319629e-01   5.28151885e+00]
 [ -1.39399041e+00   1.72341203e-01]
 [  2.84954222e+00   3.15699036e+00]
 [ -8.38792257e-01   4.10583264e+00]
 [  1.35368451e+00  -1.28115594e+00]
 [  5.05642628e+00   1.07158236e+00]
 [  1.25421491e+00  -9.73807412e-02]
 [  3.37709224e+00   6.13705193e+00]
 [  2.62149545e+00   1.02919232e+00]
 [  4.53692180e+00   2.62814121e+00]
 [  2.44855892e+00   4.01155411e-01]
 [ -4.79598144e-01  -6.10149362e-01]
 [ -2.37356049e+00   4.37778339e+00]
 [  2.74911750e+00   5.98285194e-02]
 [  5.79382367e-01   9.77132649e-01]
 [  3.54650363e-01   1.24054994e+00]
 [  1.87146206e+00   8.03959882e-02]
 [  4.32422423e+00   1.71836469e+00]
 [  3.68653249e+00   3.36133892e+00]
 [  2.48953060e+00   1.94437051e+00]
 [  2.92131621e-01   1.53742347e+00]
 [  2.62216547e+00   2.71018341e+00]
 [ -3.40683858e-01  -2.15636201e+00]
 [  4.73506769e+00   1.93038204e+00]
 [ -1.88835452e+00   8.05267547e-01]
 [  2.97134924e+00  -2.06139029e-01]
 [ -4.82847168e-01   9.15527938e-02]
 [  3.74894242e+00   1.50637047e-01]
 [ -5.35069472e-01   4.49295412e+00]
 [  1.23926873e+00   4.17013416e+00]
 [ -3.46112235e-01  -7.37391778e-01]
 [  4.73314967e+00  -2.93139852e-01]
 [  4.46296988e+00  -7.16743371e-01]
 [ -3.10989831e-01   1.29533640e+00]
 [  2.09346354e+00   7.10693031e-01]
 [ -9.53009840e-01   4.21925401e+00]
 [  8.64681054e-01   1.85028321e+00]
 [ -1.30092941e+00  -1.76186349e-01]
 [  6.80103726e-01   1.77545717e-01]
 [  7.11332190e-01  -2.75711225e-01]
 [  2.63278686e+00   1.00525292e+00]
 [ -5.61117409e-01   2.94270484e+00]
 [ -5.78713842e-01  -1.00529226e+00]
 [ -8.75485285e-02   1.04824980e+00]
 [  1.12183184e+00  -4.27391137e-01]
 [  2.12219814e+00   3.14370558e+00]
 [  2.26894834e+00   2.32697100e-02]
 [ -3.63685383e-01   3.99958618e+00]
 [  1.27328803e+00   3.42223974e+00]
 [  3.55700575e+00   1.70756559e+00]
 [ -8.03939715e-01   6.62401509e-01]
 [  1.07190420e+00   3.53963584e+00]
 [  2.88517403e+00   3.43921295e+00]
 [  2.68967584e-03   2.67314940e-01]]
