[[  1.32215993e+01  -2.08813687e+00]
 [ -1.14951577e+01   5.74225990e+00]
 [  5.41794836e+00   6.18497182e+00]
 [ -6.04179953e+00   8.50607267e+00]
 [  2.97664683e+00   1.00604440e+01]
 [ -3.10602097e+00  -9.30012279e-01]
 [  1.21220487e+00   1.33743707e+01]
 [  9.75506171e+00  -9.16756352e-01]
 [  2.14531927e+00   5.57295769e+00]
 [ -4.39604806e+00   1.56034095e+00]
 [ -1.66841550e+00   1.53095269e+01]
 [  6.59929378e+00   1.42623986e+01]
 [  1.07150674e-01  -4.16313163e+00]
 [  7.32029467e+00  -5.88818746e+00]
 [  1.28386354e+01  -6.74183675e+00]
 [ -8.98067693e-01   1.73404030e+00]
 [ -3.22920581e+00  -3.95137386e-01]
 [  9.93376026e-01   1.01515033e+01]
 [  3.34854050e+00   7.59972374e-01]
 [  3.65333664e+00   6.20831892e+00]
 [  1.93372296e-01  -6.51338070e+00]
 [ -2.67664645e-01  -1.16060996e+00]
 [  9.92687371e-01  -5.55730746e-01]
 [  1.14053988e+01   4.99707457e+00]
 [  4.33020409e+00   1.71061166e+00]
 [  7.41058524e+00  -1.24617206e+01]
 [  2.80916339e+00  -1.47056291e+00]
 [  4.85357803e+00  -7.11847382e+00]
 [  1.28177041e+01   9.86398285e+00]
 [  6.83050404e+00   1.02979160e+01]
 [ -1.06856798e-01  -6.24386332e+00]
 [  9.05631755e+00  -2.59025405e-01]
 [  1.54795426e+01   2.32654631e-01]
 [  5.28020648e+00  -1.10101204e+00]
 [  4.69142744e+00   1.42245602e+01]
 [  4.78917157e+00   4.60007589e+00]
 [  1.15550089e+01   1.15842538e+00]
 [  3.49796895e-01   6.36318455e+00]
 [  7.64486122e+00   1.49403605e+00]
 [  7.40739406e+00   1.19203879e+01]
 [  1.29366843e+01   2.72769418e+00]
 [  1.16984127e+01   1.09882269e+01]
 [ -1.91033134e+00   8.19739438e+00]
 [  8.78600567e+00   4.30971974e+00]
 [  1.16249227e+01   3.52201514e+00]
 [  5.94437663e+00  -7.25235818e+00]
 [  1.24189356e+01  -7.75912443e-01]
 [  1.24379245e+01   4.14811130e+00]
 [ -1.17917672e+00  -4.95842101e+00]
 [  3.85310392e+00   3.63254197e+00]
 [  9.45472119e+00  -1.73920101e+00]
 [ -5.38439825e+00   8.02936095e+00]
 [  9.06443613e+00  -2.44111988e+00]
 [ -1.23657123e+01   2.35556635e+00]
 [  1.63051585e+00   4.42953206e+00]
 [ -5.98809794e+00   9.43715233e+00]
 [  1.15473185e+01   4.76896628e+00]
 [  5.86817446e-01   1.07743706e+01]
 [  3.21159824e-02   8.22302856e+00]
 [  1.04672250e+01  -5.93117474e+00]
 [  3.06666047e-01   8.61997476e+00]
 [  1.21411942e+01   3.52430781e+00]
 [  5.91474156e+00   2.64154276e+00]
 [  4.30469400e+00  -2.12075841e+00]
 [ -4.00693950e+00   4.78127029e+00]
 [  8.04274014e+00   1.39897592e+01]
 [  7.48726347e+00   4.70681280e+00]
 [  3.93914007e+00  -8.00279203e+00]
 [  2.61678970e+00  -5.22932612e-01]
 [  5.31461144e+00   9.99132962e+00]
 [  2.96897949e+00   9.85042463e+00]
 [  1.70567195e+00   2.61062041e-03]
 [  5.77382392e+00   1.44689048e+01]
 [  1.03037198e+00   6.83475035e+00]
 [  7.98564832e+00   8.02581013e+00]
 [ -9.87577622e-01   1.64481346e+01]
 [  1.09018008e+01   9.03939788e-01]
 [ -4.98941102e-01   8.53866379e+00]
 [ -2.25970645e+00   6.39458276e+00]
 [  9.05178504e+00  -5.58384799e-01]
 [  5.48827362e+00  -4.72876962e-01]
 [  5.75220841e+00  -5.35246486e-01]
 [ -3.83848259e+00   2.24731566e+00]
 [  2.57803843e+00   1.15981920e+01]
 [  1.24009534e+00   3.56233441e-01]
 [  1.04710262e+01   3.84187888e+00]
 [ -3.65647032e+00   7.45507119e-01]
 [  1.52166787e+01   4.04631160e+00]
 [  4.89894965e+00   1.19965210e+01]
 [ -1.77751571e+00   5.73686372e+00]
 [  7.99240513e+00   1.08240237e+01]
 [  7.94264772e+00   4.41946381e+00]
 [  1.03671629e+01   1.47294665e+00]
 [  6.64548633e+00  -2.29476897e+00]
 [ -5.31272587e+00  -1.73977285e+00]
 [ -9.28859258e+00   5.70888040e-01]
 [ -1.45770446e+00   3.10559420e+00]
 [  1.03224887e+00   1.11970584e+01]
 [  4.58249624e+00  -1.54736502e+00]
 [  5.62724735e+00   1.08645623e+00]
 [ -1.91729789e+00  -5.97096525e+00]
 [ -2.96392478e+00   3.84568288e+00]
 [ -4.09599839e-01  -1.03007215e+00]
 [  4.60047323e+00   4.56943193e+00]
 [ -4.38913095e+00   8.34329325e+00]
 [  9.13332735e+00   1.67908997e+00]
 [ -4.83523690e-01   4.24768306e+00]
 [  3.27451109e+00   3.04788038e+00]
 [  6.06631497e+00   1.58032268e+00]
 [  4.34272799e+00  -3.21642896e+00]
 [  1.64273630e+00   2.40746403e+00]
 [  1.20937341e+00  -8.45529947e-01]
 [ -8.55925604e-01   3.75592801e+00]
 [ -4.19557679e+00  -2.19737065e+00]
 [  9.73268726e+00   7.40250016e+00]
 [  3.01110751e-02   3.25715310e+00]
 [  4.95343308e+00  -7.40484296e+00]
 [  2.63055709e+00  -2.95025106e+00]
 [ -2.36809296e+00  -7.73888550e-01]
 [  6.01818375e+00   3.20318634e-01]
 [  4.63243031e+00   9.71651662e-01]
 [  4.45443148e+00  -6.14527491e-01]
 [ -3.95169422e+00   1.13172708e+01]
 [  5.08512173e+00   2.96775414e+00]
 [ -5.05983140e+00  -3.67099652e+00]
 [  4.52862661e+00   4.20289437e-01]
 [ -1.47121844e+00   5.04408835e+00]
 [  6.84389359e+00   2.47753034e+00]
 [  1.60624920e+01  -2.21309203e+00]
 [  7.99151755e-01  -2.14664523e+00]
 [ -1.74994466e+00  -2.89524188e-01]
 [  7.32442574e+00   3.96872623e+00]
 [  6.52566959e+00   1.23033649e-01]
 [ -5.20347319e-01   6.56722135e+00]
 [ -2.03897013e+00  -1.64459635e+00]
 [ -5.92065767e-01   6.12147844e-01]
 [  7.80702784e-01  -2.08082851e+00]
 [  2.29273434e+00   9.43621910e-01]
 [ -2.11157782e+00   3.89645238e+00]
 [  2.23834587e+00  -4.41805349e+00]
 [  3.94803682e+00   3.48641727e-01]
 [  2.45263028e+00   1.05078922e+00]
 [  4.18453809e-01  -1.38147133e+00]
 [  3.55380170e+00   3.68828789e+00]
 [ -2.59195556e+00   3.89012083e+00]
 [  5.32439960e+00  -2.90407731e+00]
 [  5.53505767e+00   7.02925626e+00]
 [  2.00105056e+00  -6.68983075e-01]
 [  5.62489189e+00   2.90950286e+00]
 [  2.04096168e+00  -2.61016064e+00]
 [  9.57239902e+00   6.63510427e+00]
 [  7.23120688e+00  -4.03228409e+00]
 [ -2.94538767e+00   3.72698780e+00]
 [  6.95401772e+00   8.58658076e-01]
 [  4.97394466e+00  -8.11718472e-01]
 [  1.53096638e+00   2.05681103e+00]
 [ -3.72964309e-02   2.46530169e+00]
 [ -3.68048157e-01  -2.13994827e-01]
 [  8.27774431e+00   6.53473768e+00]
 [  3.89792715e+00   2.75971531e+00]
 [  5.36590814e+00  -1.35538196e-01]
 [  1.18475083e+01   9.71424808e-01]
 [ -6.34051048e+00   2.17924125e+00]
 [ -2.03398166e+00   5.48746328e+00]
 [ -2.38224062e+00   1.15107681e+01]
 [  1.80753731e+00   3.93060989e+00]
 [  4.16024623e+00   4.87144990e+00]
 [ -5.39625332e+00   3.12787669e+00]
 [  7.47523219e+00   2.18553980e+00]
 [  1.06054864e+00   5.32588372e-01]
 [  8.10060531e+00   6.78312476e+00]
 [ -4.32647945e+00   3.63792132e+00]
 [  3.36868895e+00  -1.03858551e+00]
 [  2.14655052e+00   4.26360821e+00]
 [ -2.56548575e+00  -3.48034678e-02]
 [  3.57151366e+00  -1.87895230e+00]
 [ -6.71603531e+00   1.23515989e+00]
 [ -1.00575250e+00  -3.88283184e-03]
 [  6.73354078e+00   5.85324930e+00]
 [  6.28034260e+00  -4.25963856e+00]
 [  4.71645231e+00   4.29339657e+00]
 [  2.00675127e-01   7.69939816e+00]
 [  2.79210597e+00   4.67806727e+00]
 [ -2.49606359e+00   8.95823982e+00]
 [ -1.52934175e+00  -2.31856400e+00]
 [  5.85382827e+00   1.47399348e+01]
 [  1.15338007e+00   1.84489380e+00]
 [ -1.87630057e+00  -5.40514267e-01]
 [  1.78214161e+00  -2.60466515e-01]
 [ -5.65236207e-01  -3.72759413e+00]
 [  3.09542674e+00   4.48742609e-01]
 [  4.14215039e+00   2.15441443e+00]
 [  4.86806629e-01   5.07256897e-01]
 [  6.65503841e-01   6.58228762e-01]
 [ -1.02971391e+00   1.58658150e+00]
 [ -3.27509278e-01  -6.59152232e-01]
 [  4.68094861e-01  -2.96372345e+00]
 [  4.29521465e-01   9.50296694e-01]
 [ -4.07181467e-01   7.77238714e-01]
 [ -2.40072961e+00  -3.87945420e+00]
 [  2.52994624e+00   2.05083093e+00]
 [  4.18953387e+00  -6.39295068e-01]
 [ -1.30603684e+00  -5.28853195e-01]
 [  1.70288270e-02   2.99470829e+00]
 [ -1.23783610e+00   1.93185388e+00]
 [  1.47987186e-01   5.10032076e+00]
 [ -5.62726139e-01   2.20194955e+00]
 [  2.45615424e+00   2.51902692e-01]
 [  1.86556973e+00   1.63008699e+00]
 [  1.59271535e-01   6.52790918e+00]
 [  4.21231919e+00  -7.15075078e-01]
 [ -1.53695539e+00   6.98488518e-01]
 [  2.44730000e+00   3.32540436e+00]
 [  2.37913564e+00   1.33667194e+00]
 [  1.92400129e+00  -3.69362085e-01]
 [ -1.09168507e+00   8.31492580e-01]
 [  1.27700578e+00  -1.12764533e+00]
 [ -9.74394055e-01  -6.36941924e-01]
 [  5.60719612e+00   1.98788946e+00]
 [  9.41631505e-01   2.68551301e+00]
 [  1.38009098e+00   4.42743966e+00]
 [  4.96725642e-01  -3.68908011e-01]
 [  6.95172202e-01   3.77987319e+00]
 [ -5.30018753e-01  -3.02176563e-01]
 [  3.23541329e+00   1.87462992e+00]
 [  2.03061208e+00   1.12540278e+00]
 [  6.37573560e-02   1.53469846e+00]
 [  1.78054642e+00   4.93212032e+00]
 [  2.13088954e+00  -7.42155204e-01]
 [  1.67602834e+00  -4.40602639e-01]
 [  2.18201391e+00   1.07133484e+00]
 [  1.75921420e+00   2.36433709e+00]
 [  2.33658824e+00   5.05457191e-01]
 [ -1.30212657e-01   2.85384531e-01]
 [  9.44459203e-01  -7.83556985e-01]
 [  3.14614657e-01   6.23026304e-01]
 [  5.80846140e-01  -2.45130562e-01]
 [  6.41385754e+00   1.47548849e+00]
 [  8.80124579e-01   5.20242676e-01]
 [ -1.28704212e+00  -1.12607606e-01]
 [ -1.70167464e+00   5.66680109e-01]
 [ -3.18529029e-01  -3.45925585e+00]
 [ -8.14306134e-01   1.54091149e+00]
 [  2.18298024e+00  -4.60086275e-01]
 [  3.59995941e+00   9.63549594e-01]
 [  5.33765129e-02  -4.43718818e-01]
 [  6.58096817e-01   3.29357742e+00]
 [  2.68819672e+00  -4.83290346e+00]
 [  1.04186614e+00   1.91184131e+00]
 [  4.50722651e-01  -1.96601983e+00]
 [  1.47474732e+00   3.35416006e+00]
 [  5.51038169e+00   2.17735271e+00]
 [ -1.08162616e-01   8.63128557e-01]
 [  2.89248356e+00  -1.43963960e+00]
 [  7.35717408e-01   5.33850414e-01]
 [  1.07618016e+00  -1.18502092e+00]
 [ -4.32228586e+00   2.65608073e+00]
 [  2.74948853e-01   4.85259660e+00]
 [  2.49987449e+00   2.04567204e+00]
 [  1.35366733e+00   8.74898113e-01]
 [  2.39086915e+00  -1.76038803e+00]
 [  2.64078816e-01  -1.99323161e+00]
 [  2.13347816e-01   1.74229238e+00]
 [  3.25539009e+00   1.43348284e+00]
 [  1.36239090e+00   1.93465428e+00]
 [  4.93645280e-01   3.91897417e-01]
 [ -3.39649376e+00   5.15518440e-01]
 [  2.68203471e+00   3.65836125e+00]
 [  4.37709803e+00   2.58579687e+00]
 [  2.10944226e-02  -6.24079582e-01]
 [  2.39326812e+00   3.29448245e+00]
 [  4.27005756e-01  -3.21247516e-02]
 [  1.49161358e+00   1.83719659e+00]
 [ -2.50801996e+00  -3.79961067e-01]
 [  2.29684446e+00  -1.99933162e+00]
 [  1.50269569e+00   9.34368581e-02]
 [  2.36339901e+00   1.50264954e-01]
 [  2.89402289e-01   1.95583782e+00]
 [ -1.37464644e+00   1.30868089e+00]
 [  2.57030305e+00   2.21143936e-01]
 [ -2.45669221e+00  -7.42977381e-01]
 [  1.55399556e+00   1.42074935e+00]
 [  4.32043540e-01   3.71927532e+00]
 [  2.27138474e+00  -1.24528919e+00]
 [  2.10225607e+00   6.43219499e-01]
 [  1.04182338e+00   5.61260029e-01]
 [ -2.25946821e-01  -1.69984481e+00]
 [  5.22810025e+00  -1.11999190e+00]
 [ -6.98165742e-01  -5.70909080e-01]
 [  1.17820381e+00   2.06822482e+00]
 [ -2.19866588e+00   1.36761013e+00]
 [ -9.32175168e-01  -3.03206543e-01]
 [ -3.03235484e+00   1.03717240e-01]
 [  1.97122230e+00   1.70476582e+00]
 [  1.14184434e+00   3.24689898e-01]
 [  1.48008351e+00   1.79135096e+00]
 [ -1.11947129e+00  -1.06957898e+00]
 [ -2.02141458e+00  -6.41425582e-01]
 [  1.66227589e-01   1.77512590e-01]
 [  1.23068186e+00   6.01100119e+00]]
